1.000	10.000	5.000	4.969	-0.055
2.000	10.474	5.000	4.972	-0.049
3.000	10.970	5.000	4.973	-0.047
4.000	11.490	5.000	4.975	-0.044
5.000	12.034	5.000	4.977	-0.040
6.000	12.604	5.000	4.978	-0.038
7.000	13.201	5.000	4.980	-0.035
8.000	13.826	5.000	4.981	-0.033
9.000	14.481	5.000	4.982	-0.031
10.000	15.167	5.000	4.983	-0.029
11.000	15.886	5.000	4.984	-0.028
12.000	16.638	5.000	4.985	-0.026
13.000	17.426	5.000	4.986	-0.025
14.000	18.252	5.000	4.987	-0.023
15.000	19.116	5.000	4.987	-0.022
16.000	20.022	5.000	4.988	-0.021
17.000	20.970	5.000	4.988	-0.020
18.000	21.964	5.000	4.989	-0.019
19.000	23.004	5.000	4.989	-0.018
20.000	24.094	5.000	4.990	-0.018
21.000	25.235	5.000	4.990	-0.017
22.000	26.431	5.000	4.991	-0.016
23.000	27.683	5.000	4.991	-0.016
24.000	28.994	5.000	4.991	-0.015
25.000	30.368	5.000	4.992	-0.014
26.000	31.806	5.000	4.992	-0.014
27.000	33.313	5.000	4.992	-0.013
28.000	34.891	5.000	4.993	-0.013
29.000	36.544	5.000	4.993	-0.013
30.000	38.275	5.000	4.993	-0.012
31.000	40.088	5.000	4.993	-0.012
32.000	41.987	5.000	4.993	-0.012
33.000	43.976	5.000	4.993	-0.012
34.000	46.059	5.000	4.993	-0.011
35.000	48.241	5.000	4.994	-0.011
36.000	50.526	5.000	4.994	-0.011
37.000	52.920	5.000	4.994	-0.011
38.000	55.427	5.000	4.994	-0.011
39.000	58.052	5.000	4.994	-0.010
40.000	60.802	5.000	4.994	-0.010
41.000	63.682	5.000	4.994	-0.010
42.000	66.699	5.000	4.994	-0.010
43.000	69.859	5.000	4.995	-0.009
44.000	73.168	5.000	4.995	-0.009
45.000	76.634	5.000	4.995	-0.009
46.000	80.264	5.000	4.995	-0.009
47.000	84.067	5.000	4.995	-0.009
48.000	88.049	5.000	4.995	-0.009
49.000	92.220	5.000	4.995	-0.008
50.000	96.588	5.000	4.995	-0.008
51.000	101.164	5.000	4.995	-0.008
52.000	105.956	5.000	4.996	-0.008
53.000	110.975	5.000	4.996	-0.007
54.000	116.232	5.000	4.996	-0.007
55.000	121.738	5.000	4.996	-0.007
56.000	127.505	5.000	4.996	-0.007
57.000	133.545	5.000	4.996	-0.006
58.000	139.871	5.000	4.996	-0.006
59.000	146.497	5.000	4.997	-0.006
60.000	153.437	5.000	4.997	-0.005
61.000	160.705	5.000	4.997	-0.005
62.000	168.318	5.000	4.997	-0.004
63.000	176.291	5.000	4.998	-0.004
64.000	184.642	5.000	4.998	-0.003
65.000	193.389	5.000	4.998	-0.003
66.000	202.550	5.000	4.999	-0.002
67.000	212.145	5.000	4.999	-0.001
68.000	222.195	5.000	5.000	-0.001
69.000	232.720	5.000	5.000	0.000
70.000	243.744	5.000	5.001	0.001
71.000	255.291	5.000	5.001	0.002
72.000	267.384	5.000	5.002	0.003
73.000	280.050	5.000	5.003	0.005
74.000	293.317	5.000	5.003	0.006
75.000	307.211	5.000	5.004	0.007
76.000	321.764	5.000	5.005	0.009
77.000	337.006	5.000	5.006	0.010
78.000	352.971	5.000	5.007	0.012
79.000	369.691	5.000	5.008	0.014
80.000	387.204	5.000	5.010	0.017
81.000	405.546	5.000	5.011	0.019
82.000	424.757	5.000	5.013	0.022
83.000	444.878	5.000	5.014	0.025
84.000	465.953	5.000	5.016	0.028
85.000	488.025	5.000	5.018	0.032
86.000	511.143	5.000	5.021	0.036
87.000	535.357	5.000	5.023	0.040
88.000	560.717	5.000	5.026	0.045
89.000	587.279	5.000	5.029	0.050
90.000	615.099	5.000	5.032	0.056
91.000	644.236	5.000	5.036	0.062
92.000	674.754	5.000	5.040	0.069
93.000	706.718	5.000	5.044	0.077
94.000	740.196	5.000	5.049	0.085
95.000	775.260	5.000	5.054	0.094
96.000	811.984	5.000	5.060	0.104
97.000	850.449	5.000	5.066	0.114
98.000	890.735	5.000	5.073	0.126
99.000	932.930	5.000	5.081	0.139
100.000	977.124	5.000	5.089	0.153
101.000	1023.411	5.000	5.098	0.168
102.000	1071.891	5.000	5.107	0.185
103.000	1122.668	5.000	5.118	0.203
104.000	1175.850	5.000	5.130	0.222
105.000	1231.551	5.000	5.142	0.244
106.000	1289.890	5.000	5.156	0.267
107.000	1350.994	5.000	5.171	0.292
108.000	1414.991	5.000	5.187	0.319
109.000	1482.021	5.000	5.204	0.348
110.000	1552.225	5.000	5.223	0.379
111.000	1625.756	5.000	5.243	0.413
112.000	1702.769	5.000	5.265	0.449
113.000	1783.431	5.000	5.288	0.487
114.000	1867.914	5.000	5.313	0.528
115.000	1956.398	5.000	5.340	0.571
116.000	2049.075	5.000	5.368	0.616
117.000	2146.141	5.000	5.397	0.664
118.000	2247.806	5.000	5.428	0.713
119.000	2354.286	5.000	5.459	0.763
120.000	2465.811	5.000	5.492	0.815
121.000	2582.619	5.000	5.524	0.866
122.000	2704.960	5.000	5.556	0.916
123.000	2833.096	5.000	5.587	0.964
124.000	2967.302	5.000	5.616	1.009
125.000	3107.866	5.000	5.641	1.048
126.000	3255.089	5.000	5.662	1.080
127.000	3409.285	5.000	5.677	1.103
128.000	3570.786	5.000	5.685	1.115
129.000	3739.937	5.000	5.683	1.113
130.000	3917.101	5.000	5.671	1.094
131.000	4102.658	5.000	5.648	1.058
132.000	4297.005	5.000	5.612	1.003
133.000	4500.558	5.000	5.564	0.928
134.000	4713.753	5.000	5.505	0.835
135.000	4937.048	5.000	5.437	0.727
136.000	5170.920	5.000	5.362	0.607
137.000	5415.871	5.000	5.285	0.481
138.000	5672.426	5.000	5.210	0.358
139.000	5941.134	5.000	5.144	0.247
140.000	6222.571	5.000	5.093	0.159
141.000	6517.340	5.000	5.062	0.106
142.000	6826.072	5.000	5.058	0.100
143.000	7149.429	5.000	5.086	0.148
144.000	7488.104	5.000	5.143	0.246
145.000	7842.822	5.000	5.212	0.360
146.000	8214.344	5.000	5.235	0.399
147.000	8603.464	5.000	5.103	0.176
148.000	9011.018	5.000	4.684	-0.567
149.000	9437.878	5.000	3.974	-1.996
150.000	9884.959	5.000	3.154	-4.003
151.000	10353.218	5.000	2.410	-6.338
152.000	10843.660	5.000	1.819	-8.781
153.000	11357.334	5.000	1.376	-11.209
154.000	11895.341	5.000	1.048	-13.576
155.000	12458.834	5.000	0.805	-15.864
156.000	13049.020	5.000	0.624	-18.073
157.000	13667.164	5.000	0.488	-20.211
158.000	14314.589	5.000	0.384	-22.289
159.000	14992.684	5.000	0.304	-24.309
160.000	15702.901	5.000	0.243	-26.280
161.000	16446.762	5.000	0.194	-28.208
162.000	17225.860	5.000	0.156	-30.106
163.000	18041.864	5.000	0.126	-31.967
164.000	18896.523	5.000	0.102	-33.802
165.000	19791.669	5.000	0.083	-35.611
166.000	20729.218	5.000	0.067	-37.398
167.000	21711.179	5.000	0.055	-39.165
168.000	22739.658	5.000	0.045	-40.912
169.000	23816.856	5.000	0.037	-42.646
170.000	24945.081	5.000	0.030	-44.367
171.000	26126.752	5.000	0.025	-46.071
172.000	27364.400	5.000	0.020	-47.761
173.000	28660.676	5.000	0.017	-49.451
174.000	30018.358	5.000	0.014	-51.123
175.000	31440.355	5.000	0.011	-52.782
176.000	32929.713	5.000	0.009	-54.433
177.000	34489.623	5.000	0.008	-56.080
178.000	36123.427	5.000	0.006	-57.725
179.000	37834.626	5.000	0.005	-59.368
180.000	39626.886	5.000	0.004	-60.956
181.000	41504.048	5.000	0.004	-62.529
182.000	43470.132	5.000	0.003	-64.076
183.000	45529.351	5.000	0.003	-65.618
184.000	47686.117	5.000	0.002	-67.149
185.000	49945.051	5.000	0.002	-68.714
186.000	52310.993	5.000	0.002	-70.265
187.000	54789.012	5.000	0.001	-71.825
188.000	57384.416	5.000	0.001	-73.392
189.000	60102.768	5.000	0.001	-74.867
190.000	62949.890	5.000	0.001	-76.252
191.000	65931.883	5.000	0.001	-77.587
192.000	69055.135	5.000	0.001	-78.900
193.000	72326.339	5.000	0.000	-82.369
194.000	75752.503	5.000	0.000	-85.595
195.000	79340.967	5.000	0.000	-82.321
196.000	83099.419	5.000	0.000	-90.691
197.000	87035.914	5.000	0.000	-92.335
198.000	91158.883	5.000	0.000	-93.499
199.000	95477.161	5.000	0.000	-94.881
200.000	100000.000	5.000	0.000	-95.639
