1.000	10.000	1.000	0.006	-44.964
2.000	10.975	1.000	0.006	-44.968
3.000	12.045	1.000	0.006	-44.965
4.000	13.219	1.000	0.006	-44.966
5.000	14.508	1.000	0.006	-44.965
6.000	15.923	1.000	0.006	-44.971
7.000	17.475	1.000	0.006	-44.991
8.000	19.179	1.000	0.006	-44.918
9.000	21.049	1.000	0.006	-44.921
10.000	23.101	1.000	0.006	-44.924
11.000	25.354	1.000	0.006	-45.005
12.000	27.826	1.000	0.006	-44.926
13.000	30.539	1.000	0.006	-44.935
14.000	33.516	1.000	0.006	-44.932
15.000	36.784	1.000	0.006	-44.933
16.000	40.370	1.000	0.006	-44.935
17.000	44.306	1.000	0.006	-44.967
18.000	48.626	1.000	0.006	-44.973
19.000	53.367	1.000	0.006	-44.958
20.000	58.570	1.000	0.006	-44.953
21.000	64.281	1.000	0.006	-44.944
22.000	70.548	1.000	0.006	-44.926
23.000	77.426	1.000	0.006	-44.888
24.000	84.975	1.000	0.006	-44.825
25.000	93.260	1.000	0.006	-44.719
26.000	102.353	1.000	0.006	-44.531
27.000	112.332	1.000	0.006	-44.238
28.000	123.285	1.000	0.006	-43.761
29.000	135.305	1.000	0.007	-43.063
30.000	148.497	1.000	0.008	-42.033
31.000	162.975	1.000	0.009	-40.697
32.000	178.865	1.000	0.011	-39.072
33.000	196.304	1.000	0.014	-37.189
34.000	215.443	1.000	0.018	-35.117
35.000	236.449	1.000	0.023	-32.917
36.000	259.502	1.000	0.029	-30.641
37.000	284.804	1.000	0.038	-28.309
38.000	312.572	1.000	0.050	-25.952
39.000	343.047	1.000	0.066	-23.579
40.000	376.494	1.000	0.087	-21.197
41.000	413.201	1.000	0.115	-18.816
42.000	453.488	1.000	0.151	-16.435
43.000	497.702	1.000	0.198	-14.054
44.000	546.228	1.000	0.260	-11.687
45.000	599.484	1.000	0.342	-9.319
46.000	657.933	1.000	0.449	-6.960
47.000	722.081	1.000	0.588	-4.605
48.000	792.483	1.000	0.771	-2.260
49.000	869.749	1.000	1.009	0.080
50.000	954.548	1.000	1.319	2.408
51.000	1047.616	1.000	1.723	4.723
52.000	1149.757	1.000	2.243	7.016
53.000	1261.857	1.000	2.903	9.256
54.000	1384.886	1.000	3.725	11.423
55.000	1519.911	1.000	4.703	13.448
56.000	1668.101	1.000	5.782	15.242
57.000	1830.738	1.000	6.844	16.706
58.000	2009.233	1.000	7.737	17.772
59.000	2205.131	1.000	8.353	18.437
60.000	2420.128	1.000	8.685	18.776
61.000	2656.088	1.000	8.802	18.891
62.000	2915.053	1.000	8.786	18.876
63.000	3199.267	1.000	8.704	18.795
64.000	3511.192	1.000	8.597	18.687
65.000	3853.529	1.000	8.486	18.574
66.000	4229.243	1.000	8.382	18.467
67.000	4641.589	1.000	8.288	18.369
68.000	5094.138	1.000	8.206	18.283
69.000	5590.810	1.000	8.136	18.209
70.000	6135.907	1.000	8.077	18.145
71.000	6734.151	1.000	8.028	18.092
72.000	7390.722	1.000	7.986	18.047
73.000	8111.308	1.000	7.952	18.009
74.000	8902.151	1.000	7.923	17.978
75.000	9770.100	1.000	7.900	17.952
76.000	10722.672	1.000	7.880	17.931
77.000	11768.120	1.000	7.865	17.914
78.000	12915.497	1.000	7.852	17.900
79.000	14174.742	1.000	7.842	17.888
80.000	15556.761	1.000	7.833	17.879
81.000	17073.526	1.000	7.826	17.871
82.000	18738.174	1.000	7.820	17.864
83.000	20565.123	1.000	7.814	17.857
84.000	22570.197	1.000	7.809	17.852
85.000	24770.764	1.000	7.805	17.847
86.000	27185.882	1.000	7.800	17.842
87.000	29836.472	1.000	7.796	17.838
88.000	32745.492	1.000	7.792	17.833
89.000	35938.137	1.000	7.787	17.827
90.000	39442.061	1.000	7.781	17.821
91.000	43287.613	1.000	7.775	17.814
92.000	47508.102	1.000	7.768	17.806
93.000	52140.083	1.000	7.759	17.797
94.000	57223.677	1.000	7.750	17.786
95.000	62802.914	1.000	7.738	17.772
96.000	68926.121	1.000	7.724	17.756
97.000	75646.333	1.000	7.707	17.738
98.000	83021.757	1.000	7.687	17.715
99.000	91116.276	1.000	7.663	17.688
100.000	100000.000	1.000	7.634	17.655
