1.000	10.000	1.000	0.993	-0.058
2.000	10.975	1.000	0.994	-0.051
3.000	12.045	1.000	0.995	-0.044
4.000	13.219	1.000	0.996	-0.039
5.000	14.508	1.000	0.996	-0.035
6.000	15.923	1.000	0.996	-0.031
7.000	17.475	1.000	0.997	-0.027
8.000	19.179	1.000	0.997	-0.025
9.000	21.049	1.000	0.997	-0.022
10.000	23.101	1.000	0.998	-0.020
11.000	25.354	1.000	0.998	-0.018
12.000	27.826	1.000	0.998	-0.016
13.000	30.539	1.000	0.998	-0.014
14.000	33.516	1.000	0.999	-0.012
15.000	36.784	1.000	0.999	-0.010
16.000	40.370	1.000	0.999	-0.007
17.000	44.306	1.000	0.999	-0.004
18.000	48.626	1.000	1.000	-0.002
19.000	53.367	1.000	1.000	0.002
20.000	58.570	1.000	1.001	0.006
21.000	64.281	1.000	1.001	0.010
22.000	70.548	1.000	1.002	0.016
23.000	77.426	1.000	1.003	0.022
24.000	84.975	1.000	1.003	0.030
25.000	93.260	1.000	1.005	0.039
26.000	102.353	1.000	1.006	0.050
27.000	112.332	1.000	1.007	0.063
28.000	123.285	1.000	1.009	0.079
29.000	135.305	1.000	1.011	0.097
30.000	148.497	1.000	1.014	0.119
31.000	162.975	1.000	1.017	0.146
32.000	178.865	1.000	1.021	0.178
33.000	196.304	1.000	1.025	0.216
34.000	215.443	1.000	1.030	0.260
35.000	236.449	1.000	1.037	0.314
36.000	259.502	1.000	1.044	0.377
37.000	284.804	1.000	1.053	0.453
38.000	312.572	1.000	1.064	0.541
39.000	343.047	1.000	1.077	0.645
40.000	376.494	1.000	1.092	0.768
41.000	413.201	1.000	1.111	0.911
42.000	453.488	1.000	1.132	1.076
43.000	497.702	1.000	1.157	1.266
44.000	546.228	1.000	1.186	1.484
45.000	599.484	1.000	1.221	1.733
46.000	657.933	1.000	1.261	2.013
47.000	722.081	1.000	1.307	2.327
48.000	792.483	1.000	1.361	2.677
49.000	869.749	1.000	1.422	3.059
50.000	954.548	1.000	1.493	3.479
51.000	1047.616	1.000	1.573	3.933
52.000	1149.757	1.000	1.663	4.420
53.000	1261.857	1.000	1.766	4.940
54.000	1384.886	1.000	1.881	5.489
55.000	1519.911	1.000	2.010	6.062
56.000	1668.101	1.000	2.151	6.655
57.000	1830.738	1.000	2.308	7.266
58.000	2009.233	1.000	2.480	7.890
59.000	2205.131	1.000	2.668	8.525
60.000	2420.128	1.000	2.873	9.167
61.000	2656.088	1.000	3.096	9.815
62.000	2915.053	1.000	3.335	10.461
63.000	3199.267	1.000	3.589	11.100
64.000	3511.192	1.000	3.858	11.728
65.000	3853.529	1.000	4.142	12.344
66.000	4229.243	1.000	4.439	12.947
67.000	4641.589	1.000	4.747	13.528
68.000	5094.138	1.000	5.060	14.083
69.000	5590.810	1.000	5.378	14.612
70.000	6135.907	1.000	5.697	15.113
71.000	6734.151	1.000	6.014	15.583
72.000	7390.722	1.000	6.322	16.017
73.000	8111.308	1.000	6.620	16.417
74.000	8902.151	1.000	6.905	16.783
75.000	9770.100	1.000	7.175	17.116
76.000	10722.672	1.000	7.425	17.414
77.000	11768.120	1.000	7.655	17.679
78.000	12915.497	1.000	7.864	17.912
79.000	14174.742	1.000	8.052	18.118
80.000	15556.761	1.000	8.219	18.297
81.000	17073.526	1.000	8.368	18.452
82.000	18738.174	1.000	8.497	18.585
83.000	20565.123	1.000	8.608	18.698
84.000	22570.197	1.000	8.704	18.795
85.000	24770.764	1.000	8.786	18.876
86.000	27185.882	1.000	8.854	18.943
87.000	29836.472	1.000	8.912	18.999
88.000	32745.492	1.000	8.959	19.045
89.000	35938.137	1.000	8.997	19.082
90.000	39442.061	1.000	9.026	19.110
91.000	43287.613	1.000	9.048	19.132
92.000	47508.102	1.000	9.064	19.146
93.000	52140.083	1.000	9.072	19.154
94.000	57223.677	1.000	9.074	19.156
95.000	62802.914	1.000	9.069	19.151
96.000	68926.121	1.000	9.058	19.140
97.000	75646.333	1.000	9.039	19.122
98.000	83021.757	1.000	9.012	19.097
99.000	91116.276	1.000	8.977	19.063
100.000	100000.000	1.000	8.932	19.019
