1.000	10.000	1.500	0.829	-5.152
2.000	10.975	1.500	0.830	-5.142
3.000	12.045	1.500	0.831	-5.131
4.000	13.219	1.500	0.832	-5.122
5.000	14.508	1.500	0.833	-5.112
6.000	15.923	1.500	0.834	-5.101
7.000	17.475	1.500	0.835	-5.090
8.000	19.179	1.500	0.836	-5.077
9.000	21.049	1.500	0.837	-5.063
10.000	23.101	1.500	0.839	-5.046
11.000	25.354	1.500	0.841	-5.027
12.000	27.826	1.500	0.843	-5.004
13.000	30.539	1.500	0.846	-4.978
14.000	33.516	1.500	0.849	-4.947
15.000	36.784	1.500	0.852	-4.910
16.000	40.370	1.500	0.857	-4.866
17.000	44.306	1.500	0.862	-4.814
18.000	48.626	1.500	0.868	-4.752
19.000	53.367	1.500	0.875	-4.679
20.000	58.570	1.500	0.884	-4.594
21.000	64.281	1.500	0.894	-4.492
22.000	70.548	1.500	0.907	-4.373
23.000	77.426	1.500	0.921	-4.235
24.000	84.975	1.500	0.938	-4.074
25.000	93.260	1.500	0.959	-3.887
26.000	102.353	1.500	0.983	-3.673
27.000	112.332	1.500	1.011	-3.430
28.000	123.285	1.500	1.043	-3.155
29.000	135.305	1.500	1.081	-2.845
30.000	148.497	1.500	1.125	-2.500
31.000	162.975	1.500	1.175	-2.120
32.000	178.865	1.500	1.233	-1.703
33.000	196.304	1.500	1.299	-1.253
34.000	215.443	1.500	1.373	-0.767
35.000	236.449	1.500	1.457	-0.254
36.000	259.502	1.500	1.551	0.291
37.000	284.804	1.500	1.657	0.864
38.000	312.572	1.500	1.775	1.461
39.000	343.047	1.500	1.906	2.079
40.000	376.494	1.500	2.049	2.711
41.000	413.201	1.500	2.207	3.353
42.000	453.488	1.500	2.378	4.003
43.000	497.702	1.500	2.564	4.657
44.000	546.228	1.500	2.765	5.313
45.000	599.484	1.500	2.982	5.967
46.000	657.933	1.500	3.213	6.617
47.000	722.081	1.500	3.458	7.255
48.000	792.483	1.500	3.715	7.877
49.000	869.749	1.500	3.982	8.480
50.000	954.548	1.500	4.259	9.064
51.000	1047.616	1.500	4.543	9.625
52.000	1149.757	1.500	4.830	10.156
53.000	1261.857	1.500	5.115	10.656
54.000	1384.886	1.500	5.398	11.123
55.000	1519.911	1.500	5.675	11.558
56.000	1668.101	1.500	5.942	11.957
57.000	1830.738	1.500	6.196	12.320
58.000	2009.233	1.500	6.433	12.646
59.000	2205.131	1.500	6.653	12.939
60.000	2420.128	1.500	6.855	13.199
61.000	2656.088	1.500	7.039	13.429
62.000	2915.053	1.500	7.204	13.630
63.000	3199.267	1.500	7.350	13.803
64.000	3511.192	1.500	7.477	13.953
65.000	3853.529	1.500	7.588	14.081
66.000	4229.243	1.500	7.684	14.190
67.000	4641.589	1.500	7.767	14.283
68.000	5094.138	1.500	7.836	14.360
69.000	5590.810	1.500	7.896	14.426
70.000	6135.907	1.500	7.946	14.482
71.000	6734.151	1.500	7.989	14.528
72.000	7390.722	1.500	8.025	14.567
73.000	8111.308	1.500	8.055	14.600
74.000	8902.151	1.500	8.081	14.627
75.000	9770.100	1.500	8.103	14.651
76.000	10722.672	1.500	8.121	14.670
77.000	11768.120	1.500	8.137	14.687
78.000	12915.497	1.500	8.150	14.702
79.000	14174.742	1.500	8.161	14.714
80.000	15556.761	1.500	8.171	14.723
81.000	17073.526	1.500	8.178	14.731
82.000	18738.174	1.500	8.184	14.738
83.000	20565.123	1.500	8.189	14.743
84.000	22570.197	1.500	8.193	14.747
85.000	24770.764	1.500	8.195	14.749
86.000	27185.882	1.500	8.196	14.751
87.000	29836.472	1.500	8.197	14.751
88.000	32745.492	1.500	8.196	14.750
89.000	35938.137	1.500	8.193	14.747
90.000	39442.061	1.500	8.190	14.744
91.000	43287.613	1.500	8.186	14.740
92.000	47508.102	1.500	8.181	14.734
93.000	52140.083	1.500	8.173	14.726
94.000	57223.677	1.500	8.165	14.717
95.000	62802.914	1.500	8.153	14.705
96.000	68926.121	1.500	8.139	14.690
97.000	75646.333	1.500	8.123	14.672
98.000	83021.757	1.500	8.102	14.651
99.000	91116.276	1.500	8.078	14.624
100.000	100000.000	1.500	8.048	14.592
