1.000	10.000	0.100	0.099	-0.047
2.000	10.975	0.100	0.100	-0.039
3.000	12.045	0.100	0.100	-0.033
4.000	13.219	0.100	0.100	-0.028
5.000	14.508	0.100	0.100	-0.024
6.000	15.923	0.100	0.100	-0.020
7.000	17.475	0.100	0.100	-0.017
8.000	19.179	0.100	0.100	-0.015
9.000	21.049	0.100	0.100	-0.013
10.000	23.101	0.100	0.100	-0.011
11.000	25.354	0.100	0.100	-0.009
12.000	27.826	0.100	0.100	-0.008
13.000	30.539	0.100	0.100	-0.007
14.000	33.516	0.100	0.100	-0.005
15.000	36.784	0.100	0.100	-0.005
16.000	40.370	0.100	0.100	-0.004
17.000	44.306	0.100	0.100	-0.003
18.000	48.626	0.100	0.100	-0.002
19.000	53.367	0.100	0.100	-0.001
20.000	58.570	0.100	0.100	-0.000
21.000	64.281	0.100	0.100	0.002
22.000	70.548	0.100	0.100	0.003
23.000	77.426	0.100	0.100	0.004
24.000	84.975	0.100	0.100	0.006
25.000	93.260	0.100	0.100	0.009
26.000	102.353	0.100	0.100	0.011
27.000	112.332	0.100	0.100	0.013
28.000	123.285	0.100	0.100	0.016
29.000	135.305	0.100	0.100	0.020
30.000	148.497	0.100	0.100	0.024
31.000	162.975	0.100	0.100	0.029
32.000	178.865	0.100	0.100	0.036
33.000	196.304	0.100	0.100	0.043
34.000	215.443	0.100	0.101	0.052
35.000	236.449	0.100	0.101	0.062
36.000	259.502	0.100	0.101	0.075
37.000	284.804	0.100	0.101	0.090
38.000	312.572	0.100	0.101	0.108
39.000	343.047	0.100	0.102	0.130
40.000	376.494	0.100	0.102	0.155
41.000	413.201	0.100	0.102	0.186
42.000	453.488	0.100	0.103	0.223
43.000	497.702	0.100	0.103	0.266
44.000	546.228	0.100	0.104	0.318
45.000	599.484	0.100	0.104	0.380
46.000	657.933	0.100	0.105	0.453
47.000	722.081	0.100	0.106	0.540
48.000	792.483	0.100	0.108	0.641
49.000	869.749	0.100	0.109	0.761
50.000	954.548	0.100	0.111	0.900
51.000	1047.616	0.100	0.113	1.062
52.000	1149.757	0.100	0.115	1.248
53.000	1261.857	0.100	0.118	1.463
54.000	1384.886	0.100	0.122	1.708
55.000	1519.911	0.100	0.126	1.986
56.000	1668.101	0.100	0.130	2.297
57.000	1830.738	0.100	0.136	2.646
58.000	2009.233	0.100	0.142	3.028
59.000	2205.131	0.100	0.149	3.449
60.000	2420.128	0.100	0.157	3.907
61.000	2656.088	0.100	0.166	4.401
62.000	2915.053	0.100	0.176	4.932
63.000	3199.267	0.100	0.188	5.496
64.000	3511.192	0.100	0.202	6.090
65.000	3853.529	0.100	0.216	6.709
66.000	4229.243	0.100	0.233	7.354
67.000	4641.589	0.100	0.252	8.020
68.000	5094.138	0.100	0.273	8.708
69.000	5590.810	0.100	0.296	9.415
70.000	6135.907	0.100	0.321	10.142
71.000	6734.151	0.100	0.350	10.880
72.000	7390.722	0.100	0.381	11.630
73.000	8111.308	0.100	0.416	12.391
74.000	8902.151	0.100	0.455	13.167
75.000	9770.100	0.100	0.498	13.949
76.000	10722.672	0.100	0.546	14.740
77.000	11768.120	0.100	0.599	15.544
78.000	12915.497	0.100	0.657	16.353
79.000	14174.742	0.100	0.722	17.175
80.000	15556.761	0.100	0.795	18.005
81.000	17073.526	0.100	0.876	18.849
82.000	18738.174	0.100	0.967	19.705
83.000	20565.123	0.100	1.069	20.576
84.000	22570.197	0.100	1.184	21.467
85.000	24770.764	0.100	1.315	22.379
86.000	27185.882	0.100	1.464	23.312
87.000	29836.472	0.100	1.637	24.283
88.000	32745.492	0.100	1.840	25.298
89.000	35938.137	0.100	2.081	26.364
90.000	39442.061	0.100	2.369	27.492
91.000	43287.613	0.100	2.724	28.703
92.000	47508.102	0.100	3.174	30.033
93.000	52140.083	0.100	3.764	31.512
94.000	57223.677	0.100	4.577	33.211
95.000	62802.914	0.100	5.777	35.234
96.000	68926.121	0.100	7.758	37.795
97.000	75646.333	0.100	11.816	41.449
98.000	83021.757	0.100	15.605	43.865
99.000	91116.276	0.100	15.363	43.729
100.000	100000.000	0.100	14.601	43.288
