1.000	10.000	0.500	7.827	23.892
2.000	10.975	0.500	7.832	23.898
3.000	12.045	0.500	7.837	23.903
4.000	13.219	0.500	7.840	23.907
5.000	14.508	0.500	7.843	23.910
6.000	15.923	0.500	7.845	23.912
7.000	17.475	0.500	7.846	23.913
8.000	19.179	0.500	7.846	23.914
9.000	21.049	0.500	7.846	23.913
10.000	23.101	0.500	7.844	23.912
11.000	25.354	0.500	7.842	23.909
12.000	27.826	0.500	7.839	23.906
13.000	30.539	0.500	7.835	23.902
14.000	33.516	0.500	7.830	23.896
15.000	36.784	0.500	7.824	23.889
16.000	40.370	0.500	7.816	23.880
17.000	44.306	0.500	7.806	23.869
18.000	48.626	0.500	7.794	23.856
19.000	53.367	0.500	7.780	23.840
20.000	58.570	0.500	7.762	23.820
21.000	64.281	0.500	7.742	23.798
22.000	70.548	0.500	7.718	23.770
23.000	77.426	0.500	7.688	23.737
24.000	84.975	0.500	7.654	23.698
25.000	93.260	0.500	7.612	23.651
26.000	102.353	0.500	7.563	23.595
27.000	112.332	0.500	7.506	23.529
28.000	123.285	0.500	7.438	23.450
29.000	135.305	0.500	7.359	23.357
30.000	148.497	0.500	7.267	23.248
31.000	162.975	0.500	7.160	23.119
32.000	178.865	0.500	7.038	22.969
33.000	196.304	0.500	6.898	22.796
34.000	215.443	0.500	6.742	22.596
35.000	236.449	0.500	6.567	22.367
36.000	259.502	0.500	6.373	22.108
37.000	284.804	0.500	6.162	21.815
38.000	312.572	0.500	5.934	21.487
39.000	343.047	0.500	5.689	21.121
40.000	376.494	0.500	5.432	20.719
41.000	413.201	0.500	5.165	20.282
42.000	453.488	0.500	4.892	19.809
43.000	497.702	0.500	4.614	19.302
44.000	546.228	0.500	4.335	18.760
45.000	599.484	0.500	4.059	18.189
46.000	657.933	0.500	3.790	17.593
47.000	722.081	0.500	3.529	16.973
48.000	792.483	0.500	3.277	16.330
49.000	869.749	0.500	3.036	15.666
50.000	954.548	0.500	2.808	14.990
51.000	1047.616	0.500	2.595	14.302
52.000	1149.757	0.500	2.395	13.607
53.000	1261.857	0.500	2.209	12.905
54.000	1384.886	0.500	2.037	12.199
55.000	1519.911	0.500	1.877	11.489
56.000	1668.101	0.500	1.730	10.780
57.000	1830.738	0.500	1.595	10.078
58.000	2009.233	0.500	1.473	9.385
59.000	2205.131	0.500	1.362	8.706
60.000	2420.128	0.500	1.261	8.037
61.000	2656.088	0.500	1.170	7.383
62.000	2915.053	0.500	1.088	6.749
63.000	3199.267	0.500	1.014	6.138
64.000	3511.192	0.500	0.947	5.552
65.000	3853.529	0.500	0.889	4.995
66.000	4229.243	0.500	0.836	4.468
67.000	4641.589	0.500	0.790	3.973
68.000	5094.138	0.500	0.749	3.515
69.000	5590.810	0.500	0.714	3.091
70.000	6135.907	0.500	0.683	2.703
71.000	6734.151	0.500	0.655	2.352
72.000	7390.722	0.500	0.632	2.037
73.000	8111.308	0.500	0.612	1.756
74.000	8902.151	0.500	0.595	1.507
75.000	9770.100	0.500	0.580	1.288
76.000	10722.672	0.500	0.567	1.096
77.000	11768.120	0.500	0.557	0.930
78.000	12915.497	0.500	0.547	0.787
79.000	14174.742	0.500	0.540	0.665
80.000	15556.761	0.500	0.533	0.560
81.000	17073.526	0.500	0.528	0.470
82.000	18738.174	0.500	0.523	0.395
83.000	20565.123	0.500	0.519	0.330
84.000	22570.197	0.500	0.516	0.276
85.000	24770.764	0.500	0.513	0.231
86.000	27185.882	0.500	0.511	0.193
87.000	29836.472	0.500	0.509	0.160
88.000	32745.492	0.500	0.508	0.133
89.000	35938.137	0.500	0.506	0.111
90.000	39442.061	0.500	0.505	0.092
91.000	43287.613	0.500	0.504	0.076
92.000	47508.102	0.500	0.504	0.063
93.000	52140.083	0.500	0.503	0.053
94.000	57223.677	0.500	0.503	0.044
95.000	62802.914	0.500	0.502	0.036
96.000	68926.121	0.500	0.502	0.031
97.000	75646.333	0.500	0.502	0.027
98.000	83021.757	0.500	0.501	0.023
99.000	91116.276	0.500	0.501	0.021
100.000	100000.000	0.500	0.501	0.020
