1.000	10.000	0.500	0.191	-8.353
2.000	10.975	0.500	0.210	-7.539
3.000	12.045	0.500	0.230	-6.727
4.000	13.219	0.500	0.253	-5.916
5.000	14.508	0.500	0.278	-5.104
6.000	15.923	0.500	0.305	-4.294
7.000	17.475	0.500	0.335	-3.485
8.000	19.179	0.500	0.367	-2.677
9.000	21.049	0.500	0.403	-1.869
10.000	23.101	0.500	0.442	-1.061
11.000	25.354	0.500	0.486	-0.255
12.000	27.826	0.500	0.533	0.551
13.000	30.539	0.500	0.584	1.356
14.000	33.516	0.500	0.641	2.161
15.000	36.784	0.500	0.703	2.964
16.000	40.370	0.500	0.771	3.767
17.000	44.306	0.500	0.846	4.568
18.000	48.626	0.500	0.928	5.368
19.000	53.367	0.500	1.017	6.166
20.000	58.570	0.500	1.115	6.962
21.000	64.281	0.500	1.221	7.756
22.000	70.548	0.500	1.338	8.547
23.000	77.426	0.500	1.464	9.330
24.000	84.975	0.500	1.602	10.113
25.000	93.260	0.500	1.752	10.893
26.000	102.353	0.500	1.916	11.669
27.000	112.332	0.500	2.093	12.436
28.000	123.285	0.500	2.284	13.193
29.000	135.305	0.500	2.489	13.940
30.000	148.497	0.500	2.709	14.676
31.000	162.975	0.500	2.945	15.402
32.000	178.865	0.500	3.197	16.115
33.000	196.304	0.500	3.463	16.810
34.000	215.443	0.500	3.742	17.483
35.000	236.449	0.500	4.033	18.134
36.000	259.502	0.500	4.336	18.763
37.000	284.804	0.500	4.648	19.366
38.000	312.572	0.500	4.964	19.936
39.000	343.047	0.500	5.281	20.474
40.000	376.494	0.500	5.597	20.979
41.000	413.201	0.500	5.909	21.450
42.000	453.488	0.500	6.210	21.883
43.000	497.702	0.500	6.498	22.276
44.000	546.228	0.500	6.771	22.634
45.000	599.484	0.500	7.027	22.956
46.000	657.933	0.500	7.263	23.243
47.000	722.081	0.500	7.477	23.495
48.000	792.483	0.500	7.670	23.716
49.000	869.749	0.500	7.841	23.908
50.000	954.548	0.500	7.993	24.075
51.000	1047.616	0.500	8.126	24.218
52.000	1149.757	0.500	8.241	24.340
53.000	1261.857	0.500	8.340	24.444
54.000	1384.886	0.500	8.425	24.532
55.000	1519.911	0.500	8.496	24.605
56.000	1668.101	0.500	8.555	24.665
57.000	1830.738	0.500	8.603	24.714
58.000	2009.233	0.500	8.643	24.754
59.000	2205.131	0.500	8.673	24.784
60.000	2420.128	0.500	8.697	24.807
61.000	2656.088	0.500	8.713	24.824
62.000	2915.053	0.500	8.722	24.833
63.000	3199.267	0.500	8.726	24.837
64.000	3511.192	0.500	8.723	24.834
65.000	3853.529	0.500	8.714	24.825
66.000	4229.243	0.500	8.698	24.809
67.000	4641.589	0.500	8.675	24.786
68.000	5094.138	0.500	8.645	24.756
69.000	5590.810	0.500	8.606	24.717
70.000	6135.907	0.500	8.558	24.668
71.000	6734.151	0.500	8.498	24.607
72.000	7390.722	0.500	8.427	24.534
73.000	8111.308	0.500	8.342	24.446
74.000	8902.151	0.500	8.242	24.342
75.000	9770.100	0.500	8.126	24.219
76.000	10722.672	0.500	7.992	24.074
77.000	11768.120	0.500	7.839	23.906
78.000	12915.497	0.500	7.666	23.712
79.000	14174.742	0.500	7.471	23.488
80.000	15556.761	0.500	7.255	23.233
81.000	17073.526	0.500	7.016	22.943
82.000	18738.174	0.500	6.758	22.617
83.000	20565.123	0.500	6.483	22.256
84.000	22570.197	0.500	6.193	21.858
85.000	24770.764	0.500	5.889	21.422
86.000	27185.882	0.500	5.576	20.947
87.000	29836.472	0.500	5.259	20.438
88.000	32745.492	0.500	4.941	19.896
89.000	35938.137	0.500	4.625	19.322
90.000	39442.061	0.500	4.313	18.715
91.000	43287.613	0.500	4.010	18.084
92.000	47508.102	0.500	3.719	17.430
93.000	52140.083	0.500	3.441	16.754
94.000	57223.677	0.500	3.175	16.057
95.000	62802.914	0.500	2.925	15.342
96.000	68926.121	0.500	2.690	14.615
97.000	75646.333	0.500	2.471	13.878
98.000	83021.757	0.500	2.267	13.129
99.000	91116.276	0.500	2.077	12.370
100.000	100000.000	0.500	1.901	11.602
