1.000	10.000	3.000	0.045	-36.459
2.000	10.759	3.000	0.049	-35.817
3.000	11.576	3.000	0.052	-35.177
4.000	12.455	3.000	0.056	-34.539
5.000	13.400	3.000	0.061	-33.900
6.000	14.418	3.000	0.065	-33.262
7.000	15.512	3.000	0.070	-32.624
8.000	16.690	3.000	0.075	-31.986
9.000	17.957	3.000	0.081	-31.349
10.000	19.320	3.000	0.087	-30.712
11.000	20.787	3.000	0.094	-30.075
12.000	22.365	3.000	0.101	-29.439
13.000	24.063	3.000	0.109	-28.803
14.000	25.890	3.000	0.117	-28.167
15.000	27.855	3.000	0.126	-27.531
16.000	29.970	3.000	0.136	-26.895
17.000	32.245	3.000	0.146	-26.260
18.000	34.693	3.000	0.157	-25.629
19.000	37.327	3.000	0.169	-24.993
20.000	40.161	3.000	0.182	-24.357
21.000	43.210	3.000	0.195	-23.720
22.000	46.490	3.000	0.210	-23.085
23.000	50.020	3.000	0.226	-22.451
24.000	53.817	3.000	0.243	-21.818
25.000	57.903	3.000	0.262	-21.186
26.000	62.298	3.000	0.282	-20.552
27.000	67.028	3.000	0.303	-19.919
28.000	72.117	3.000	0.326	-19.283
29.000	77.591	3.000	0.350	-18.650
30.000	83.482	3.000	0.377	-18.018
31.000	89.820	3.000	0.405	-17.387
32.000	96.639	3.000	0.436	-16.755
33.000	103.975	3.000	0.469	-16.122
34.000	111.869	3.000	0.504	-15.492
35.000	120.362	3.000	0.542	-14.863
36.000	129.499	3.000	0.583	-14.233
37.000	139.331	3.000	0.626	-13.605
38.000	149.908	3.000	0.673	-12.978
39.000	161.289	3.000	0.724	-12.351
40.000	173.534	3.000	0.778	-11.727
41.000	186.708	3.000	0.835	-11.104
42.000	200.882	3.000	0.897	-10.483
43.000	216.133	3.000	0.964	-9.863
44.000	232.541	3.000	1.035	-9.247
45.000	250.195	3.000	1.110	-8.632
46.000	269.190	3.000	1.191	-8.023
47.000	289.626	3.000	1.278	-7.415
48.000	311.614	3.000	1.369	-6.812
49.000	335.271	3.000	1.466	-6.218
50.000	360.724	3.000	1.570	-5.626
51.000	388.109	3.000	1.679	-5.039
52.000	417.573	3.000	1.796	-4.457
53.000	449.274	3.000	1.919	-3.883
54.000	483.382	3.000	2.047	-3.319
55.000	520.080	3.000	2.182	-2.766
56.000	559.563	3.000	2.322	-2.224
57.000	602.044	3.000	2.468	-1.695
58.000	647.749	3.000	2.619	-1.179
59.000	696.925	3.000	2.775	-0.676
60.000	749.834	3.000	2.935	-0.190
61.000	806.760	3.000	3.099	0.282
62.000	868.007	3.000	3.265	0.735
63.000	933.904	3.000	3.432	1.168
64.000	1004.804	3.000	3.598	1.579
65.000	1081.087	3.000	3.763	1.968
66.000	1163.160	3.000	3.925	2.335
67.000	1251.465	3.000	4.084	2.680
68.000	1346.473	3.000	4.239	3.002
69.000	1448.695	3.000	4.388	3.303
70.000	1558.676	3.000	4.531	3.581
71.000	1677.007	3.000	4.665	3.835
72.000	1804.322	3.000	4.792	4.067
73.000	1941.302	3.000	4.910	4.279
74.000	2088.681	3.000	5.019	4.470
75.000	2247.249	3.000	5.119	4.642
76.000	2417.855	3.000	5.211	4.796
77.000	2601.414	3.000	5.295	4.935
78.000	2798.907	3.000	5.371	5.058
79.000	3011.394	3.000	5.439	5.168
80.000	3240.012	3.000	5.500	5.265
81.000	3485.986	3.000	5.555	5.351
82.000	3750.635	3.000	5.604	5.427
83.000	4035.374	3.000	5.647	5.494
84.000	4341.731	3.000	5.685	5.552
85.000	4671.345	3.000	5.719	5.603
86.000	5025.983	3.000	5.748	5.648
87.000	5407.545	3.000	5.774	5.687
88.000	5818.073	3.000	5.796	5.721
89.000	6259.768	3.000	5.816	5.750
90.000	6734.996	3.000	5.833	5.776
91.000	7246.301	3.000	5.848	5.797
92.000	7796.424	3.000	5.860	5.816
93.000	8388.311	3.000	5.871	5.832
94.000	9025.133	3.000	5.881	5.846
95.000	9710.301	3.000	5.888	5.857
96.000	10447.485	3.000	5.895	5.867
97.000	11240.634	3.000	5.900	5.875
98.000	12093.998	3.000	5.904	5.881
99.000	13012.147	3.000	5.907	5.885
100.000	14000.000	3.000	5.909	5.889
