1.000	10.000	0.100	0.462	13.288
2.000	10.975	0.100	0.462	13.297
3.000	12.045	0.100	0.463	13.303
4.000	13.219	0.100	0.463	13.307
5.000	14.508	0.100	0.463	13.311
6.000	15.923	0.100	0.463	13.315
7.000	17.475	0.100	0.463	13.318
8.000	19.179	0.100	0.463	13.321
9.000	21.049	0.100	0.464	13.323
10.000	23.101	0.100	0.464	13.325
11.000	25.354	0.100	0.464	13.326
12.000	27.826	0.100	0.464	13.328
13.000	30.539	0.100	0.464	13.329
14.000	33.516	0.100	0.464	13.330
15.000	36.784	0.100	0.464	13.331
16.000	40.370	0.100	0.464	13.332
17.000	44.306	0.100	0.464	13.332
18.000	48.626	0.100	0.464	13.333
19.000	53.367	0.100	0.464	13.334
20.000	58.570	0.100	0.464	13.339
21.000	64.281	0.100	0.464	13.335
22.000	70.548	0.100	0.464	13.336
23.000	77.426	0.100	0.464	13.337
24.000	84.975	0.100	0.464	13.338
25.000	93.260	0.100	0.464	13.340
26.000	102.353	0.100	0.465	13.341
27.000	112.332	0.100	0.465	13.343
28.000	123.285	0.100	0.465	13.344
29.000	135.305	0.100	0.465	13.347
30.000	148.497	0.100	0.465	13.349
31.000	162.975	0.100	0.465	13.352
32.000	178.865	0.100	0.465	13.356
33.000	196.304	0.100	0.466	13.361
34.000	215.443	0.100	0.466	13.366
35.000	236.449	0.100	0.466	13.373
36.000	259.502	0.100	0.467	13.380
37.000	284.804	0.100	0.467	13.389
38.000	312.572	0.100	0.468	13.400
39.000	343.047	0.100	0.468	13.413
40.000	376.494	0.100	0.469	13.429
41.000	413.201	0.100	0.470	13.448
42.000	453.488	0.100	0.472	13.470
43.000	497.702	0.100	0.473	13.497
44.000	546.228	0.100	0.475	13.529
45.000	599.484	0.100	0.477	13.567
46.000	657.933	0.100	0.479	13.612
47.000	722.081	0.100	0.482	13.666
48.000	792.483	0.100	0.486	13.730
49.000	869.749	0.100	0.490	13.805
50.000	954.548	0.100	0.495	13.895
51.000	1047.616	0.100	0.501	13.999
52.000	1149.757	0.100	0.508	14.122
53.000	1261.857	0.100	0.517	14.265
54.000	1384.886	0.100	0.527	14.432
55.000	1519.911	0.100	0.539	14.624
56.000	1668.101	0.100	0.552	14.845
57.000	1830.738	0.100	0.569	15.098
58.000	2009.233	0.100	0.588	15.384
59.000	2205.131	0.100	0.610	15.704
60.000	2420.128	0.100	0.635	16.060
61.000	2656.088	0.100	0.665	16.454
62.000	2915.053	0.100	0.699	16.886
63.000	3199.267	0.100	0.738	17.357
64.000	3511.192	0.100	0.782	17.862
65.000	3853.529	0.100	0.832	18.405
66.000	4229.243	0.100	0.889	18.981
67.000	4641.589	0.100	0.954	19.589
68.000	5094.138	0.100	1.027	20.227
69.000	5590.810	0.100	1.108	20.894
70.000	6135.907	0.100	1.200	21.585
71.000	6734.151	0.100	1.303	22.301
72.000	7390.722	0.100	1.419	23.037
73.000	8111.308	0.100	1.548	23.797
74.000	8902.151	0.100	1.694	24.580
75.000	9770.100	0.100	1.860	25.388
76.000	10722.672	0.100	2.046	26.218
77.000	11768.120	0.100	2.256	27.068
78.000	12915.497	0.100	2.496	27.944
79.000	14174.742	0.100	2.770	28.851
80.000	15556.761	0.100	3.089	29.796
81.000	17073.526	0.100	3.461	30.784
82.000	18738.174	0.100	3.899	31.820
83.000	20565.123	0.100	4.427	32.923
84.000	22570.197	0.100	5.074	34.106
85.000	24770.764	0.100	5.886	35.397
86.000	27185.882	0.100	6.939	36.826
87.000	29836.472	0.100	8.367	38.452
88.000	32745.492	0.100	10.418	40.355
89.000	35938.137	0.100	13.594	42.667
90.000	39442.061	0.100	15.965	44.063
91.000	43287.613	0.100	16.066	44.118
92.000	47508.102	0.100	15.909	44.033
93.000	52140.083	0.100	15.596	43.860
94.000	57223.677	0.100	15.076	43.566
95.000	62802.914	0.100	13.898	42.859
96.000	68926.121	0.100	10.847	40.706
97.000	75646.333	0.100	8.664	38.755
98.000	83021.757	0.100	7.146	37.081
99.000	91116.276	0.100	6.030	35.606
100.000	100000.000	0.100	5.173	34.275
