1.000	10.000	0.500	7.009	22.934
2.000	10.606	0.500	7.014	22.940
3.000	11.250	0.500	7.017	22.944
4.000	11.932	0.500	7.019	22.947
5.000	12.656	0.500	7.022	22.949
6.000	13.423	0.500	7.024	22.952
7.000	14.237	0.500	7.025	22.954
8.000	15.101	0.500	7.026	22.955
9.000	16.016	0.500	7.027	22.956
10.000	16.988	0.500	7.028	22.957
11.000	18.018	0.500	7.028	22.958
12.000	19.111	0.500	7.028	22.958
13.000	20.270	0.500	7.028	22.957
14.000	21.499	0.500	7.028	22.957
15.000	22.803	0.500	7.027	22.956
16.000	24.186	0.500	7.026	22.954
17.000	25.652	0.500	7.024	22.953
18.000	27.208	0.500	7.022	22.950
19.000	28.858	0.500	7.020	22.948
20.000	30.608	0.500	7.018	22.944
21.000	32.465	0.500	7.015	22.941
22.000	34.433	0.500	7.011	22.936
23.000	36.522	0.500	7.007	22.931
24.000	38.737	0.500	7.003	22.926
25.000	41.086	0.500	6.997	22.919
26.000	43.578	0.500	6.991	22.912
27.000	46.220	0.500	6.985	22.904
28.000	49.023	0.500	6.977	22.894
29.000	51.996	0.500	6.969	22.884
30.000	55.150	0.500	6.959	22.872
31.000	58.494	0.500	6.948	22.858
32.000	62.042	0.500	6.937	22.844
33.000	65.805	0.500	6.923	22.826
34.000	69.795	0.500	6.908	22.807
35.000	74.028	0.500	6.891	22.786
36.000	78.518	0.500	6.872	22.762
37.000	83.279	0.500	6.851	22.736
38.000	88.330	0.500	6.828	22.706
39.000	93.687	0.500	6.802	22.673
40.000	99.369	0.500	6.773	22.636
41.000	105.395	0.500	6.741	22.595
42.000	111.787	0.500	6.705	22.549
43.000	118.566	0.500	6.666	22.498
44.000	125.757	0.500	6.622	22.441
45.000	133.383	0.500	6.575	22.378
46.000	141.473	0.500	6.522	22.309
47.000	150.052	0.500	6.465	22.232
48.000	159.152	0.500	6.402	22.147
49.000	168.804	0.500	6.334	22.054
50.000	179.042	0.500	6.259	21.951
51.000	189.900	0.500	6.178	21.838
52.000	201.417	0.500	6.091	21.714
53.000	213.632	0.500	5.997	21.580
54.000	226.588	0.500	5.897	21.433
55.000	240.329	0.500	5.789	21.273
56.000	254.904	0.500	5.674	21.099
57.000	270.363	0.500	5.554	20.912
58.000	286.760	0.500	5.427	20.712
59.000	304.151	0.500	5.294	20.497
60.000	322.596	0.500	5.157	20.268
61.000	342.160	0.500	5.014	20.024
62.000	362.911	0.500	4.867	19.765
63.000	384.920	0.500	4.716	19.491
64.000	408.264	0.500	4.561	19.202
65.000	433.024	0.500	4.404	18.897
66.000	459.285	0.500	4.245	18.578
67.000	487.139	0.500	4.086	18.247
68.000	516.682	0.500	3.927	17.902
69.000	548.016	0.500	3.769	17.545
70.000	581.252	0.500	3.612	17.176
71.000	616.502	0.500	3.457	16.795
72.000	653.891	0.500	3.304	16.402
73.000	693.546	0.500	3.154	15.998
74.000	735.607	0.500	3.007	15.584
75.000	780.219	0.500	2.865	15.162
76.000	827.536	0.500	2.727	14.733
77.000	877.723	0.500	2.593	14.296
78.000	930.954	0.500	2.464	13.854
79.000	987.412	0.500	2.340	13.405
80.000	1047.295	0.500	2.220	12.949
81.000	1110.809	0.500	2.105	12.488
82.000	1178.176	0.500	1.995	12.022
83.000	1249.627	0.500	1.890	11.549
84.000	1325.412	0.500	1.789	11.072
85.000	1405.793	0.500	1.693	10.592
86.000	1491.049	0.500	1.601	10.109
87.000	1581.476	0.500	1.514	9.625
88.000	1677.386	0.500	1.432	9.138
89.000	1779.113	0.500	1.354	8.655
90.000	1887.009	0.500	1.280	8.163
91.000	2001.449	0.500	1.209	7.669
92.000	2122.829	0.500	1.142	7.174
93.000	2251.570	0.500	1.078	6.677
94.000	2388.119	0.500	1.018	6.179
95.000	2532.949	0.500	0.961	5.680
96.000	2686.562	0.500	0.908	5.179
97.000	2849.492	0.500	0.857	4.679
98.000	3022.302	0.500	0.809	4.175
99.000	3205.593	0.500	0.763	3.673
100.000	3400.000	0.500	0.720	3.170
