1.000	10.000	0.500	7.012	22.938
2.000	10.975	0.500	7.019	22.946
3.000	12.045	0.500	7.023	22.951
4.000	13.219	0.500	7.026	22.955
5.000	14.508	0.500	7.028	22.958
6.000	15.923	0.500	7.030	22.960
7.000	17.475	0.500	7.031	22.961
8.000	19.179	0.500	7.031	22.961
9.000	21.049	0.500	7.031	22.960
10.000	23.101	0.500	7.029	22.959
11.000	25.354	0.500	7.027	22.956
12.000	27.826	0.500	7.024	22.953
13.000	30.539	0.500	7.020	22.948
14.000	33.516	0.500	7.016	22.942
15.000	36.784	0.500	7.009	22.934
16.000	40.370	0.500	7.002	22.925
17.000	44.306	0.500	6.992	22.913
18.000	48.626	0.500	6.981	22.899
19.000	53.367	0.500	6.967	22.882
20.000	58.570	0.500	6.951	22.861
21.000	64.281	0.500	6.931	22.837
22.000	70.548	0.500	6.908	22.807
23.000	77.426	0.500	6.879	22.772
24.000	84.975	0.500	6.846	22.729
25.000	93.260	0.500	6.806	22.679
26.000	102.353	0.500	6.759	22.619
27.000	112.332	0.500	6.704	22.548
28.000	123.285	0.500	6.640	22.464
29.000	135.305	0.500	6.565	22.365
30.000	148.497	0.500	6.478	22.249
31.000	162.975	0.500	6.377	22.113
32.000	178.865	0.500	6.262	21.956
33.000	196.304	0.500	6.132	21.773
34.000	215.443	0.500	5.985	21.562
35.000	236.449	0.500	5.821	21.321
36.000	259.502	0.500	5.640	21.047
37.000	284.804	0.500	5.444	20.739
38.000	312.572	0.500	5.233	20.395
39.000	343.047	0.500	5.009	20.016
40.000	376.494	0.500	4.774	19.599
41.000	413.201	0.500	4.531	19.144
42.000	453.488	0.500	4.281	18.651
43.000	497.702	0.500	4.029	18.125
44.000	546.228	0.500	3.779	17.568
45.000	599.484	0.500	3.532	16.980
46.000	657.933	0.500	3.289	16.363
47.000	722.081	0.500	3.054	15.718
48.000	792.483	0.500	2.829	15.052
49.000	869.749	0.500	2.614	14.367
50.000	954.548	0.500	2.411	13.666
51.000	1047.616	0.500	2.220	12.949
52.000	1149.757	0.500	2.041	12.218
53.000	1261.857	0.500	1.873	11.473
54.000	1384.886	0.500	1.717	10.717
55.000	1519.911	0.500	1.573	9.955
56.000	1668.101	0.500	1.440	9.187
57.000	1830.738	0.500	1.318	8.419
58.000	2009.233	0.500	1.205	7.639
59.000	2205.131	0.500	1.101	6.857
60.000	2420.128	0.500	1.006	6.070
61.000	2656.088	0.500	0.918	5.279
62.000	2915.053	0.500	0.838	4.488
63.000	3199.267	0.500	0.765	3.694
64.000	3511.192	0.500	0.698	2.898
65.000	3853.529	0.500	0.637	2.101
66.000	4229.243	0.500	0.581	1.304
67.000	4641.589	0.500	0.530	0.503
68.000	5094.138	0.500	0.483	-0.295
69.000	5590.810	0.500	0.441	-1.096
70.000	6135.907	0.500	0.402	-1.898
71.000	6734.151	0.500	0.367	-2.697
72.000	7390.722	0.500	0.334	-3.497
73.000	8111.308	0.500	0.305	-4.301
74.000	8902.151	0.500	0.278	-5.103
75.000	9770.100	0.500	0.253	-5.904
76.000	10722.672	0.500	0.231	-6.703
77.000	11768.120	0.500	0.211	-7.504
78.000	12915.497	0.500	0.192	-8.306
79.000	14174.742	0.500	0.175	-9.110
80.000	15556.761	0.500	0.160	-9.913
81.000	17073.526	0.500	0.146	-10.714
82.000	18738.174	0.500	0.133	-11.509
83.000	20565.123	0.500	0.121	-12.309
84.000	22570.197	0.500	0.111	-13.108
85.000	24770.764	0.500	0.101	-13.906
86.000	27185.882	0.500	0.092	-14.705
87.000	29836.472	0.500	0.084	-15.502
88.000	32745.492	0.500	0.077	-16.298
89.000	35938.137	0.500	0.070	-17.093
90.000	39442.061	0.500	0.064	-17.886
91.000	43287.613	0.500	0.058	-18.676
92.000	47508.102	0.500	0.053	-19.467
93.000	52140.083	0.500	0.049	-20.251
94.000	57223.677	0.500	0.044	-21.035
95.000	62802.914	0.500	0.041	-21.816
96.000	68926.121	0.500	0.037	-22.589
97.000	75646.333	0.500	0.034	-23.358
98.000	83021.757	0.500	0.031	-24.123
99.000	91116.276	0.500	0.029	-24.881
100.000	100000.000	0.500	0.026	-25.628
