1.000	10.000	0.100	0.470	13.439
2.000	10.831	0.100	0.470	13.442
3.000	11.731	0.100	0.470	13.446
4.000	12.705	0.100	0.470	13.450
5.000	13.761	0.100	0.471	13.455
6.000	14.904	0.100	0.471	13.461
7.000	16.142	0.100	0.471	13.468
8.000	17.483	0.100	0.472	13.474
9.000	18.936	0.100	0.472	13.479
10.000	20.509	0.100	0.472	13.483
11.000	22.213	0.100	0.472	13.485
12.000	24.058	0.100	0.472	13.487
13.000	26.057	0.100	0.472	13.486
14.000	28.222	0.100	0.472	13.486
15.000	30.566	0.100	0.472	13.486
16.000	33.106	0.100	0.472	13.485
17.000	35.856	0.100	0.472	13.484
18.000	38.835	0.100	0.472	13.484
19.000	42.061	0.100	0.472	13.484
20.000	45.556	0.100	0.472	13.484
21.000	49.341	0.100	0.472	13.484
22.000	53.440	0.100	0.472	13.481
23.000	57.880	0.100	0.471	13.468
24.000	62.688	0.100	0.473	13.504
25.000	67.896	0.100	0.472	13.485
26.000	73.537	0.100	0.472	13.488
27.000	79.646	0.100	0.473	13.489
28.000	86.263	0.100	0.473	13.490
29.000	93.430	0.100	0.473	13.492
30.000	101.192	0.100	0.473	13.495
31.000	109.599	0.100	0.473	13.498
32.000	118.705	0.100	0.473	13.501
33.000	128.566	0.100	0.473	13.505
34.000	139.248	0.100	0.474	13.508
35.000	150.816	0.100	0.474	13.510
36.000	163.346	0.100	0.474	13.512
37.000	176.917	0.100	0.474	13.514
38.000	191.615	0.100	0.474	13.514
39.000	207.534	0.100	0.474	13.514
40.000	224.776	0.100	0.474	13.515
41.000	243.450	0.100	0.474	13.518
42.000	263.676	0.100	0.474	13.523
43.000	285.582	0.100	0.475	13.531
44.000	309.307	0.100	0.475	13.542
45.000	335.004	0.100	0.476	13.555
46.000	362.836	0.100	0.477	13.571
47.000	392.981	0.100	0.478	13.589
48.000	425.629	0.100	0.479	13.608
49.000	460.990	0.100	0.480	13.629
50.000	499.289	0.100	0.482	13.652
51.000	540.769	0.100	0.483	13.677
52.000	585.696	0.100	0.485	13.708
53.000	634.355	0.100	0.486	13.741
54.000	687.057	0.100	0.489	13.781
55.000	744.137	0.100	0.491	13.827
56.000	805.959	0.100	0.494	13.881
57.000	872.918	0.100	0.498	13.944
58.000	945.439	0.100	0.502	14.018
59.000	1023.986	0.100	0.507	14.102
60.000	1109.058	0.100	0.513	14.199
61.000	1201.197	0.100	0.519	14.311
62.000	1300.992	0.100	0.527	14.438
63.000	1409.078	0.100	0.536	14.582
64.000	1526.143	0.100	0.546	14.745
65.000	1652.933	0.100	0.558	14.929
66.000	1790.258	0.100	0.571	15.137
67.000	1938.991	0.100	0.587	15.368
68.000	2100.081	0.100	0.604	15.624
69.000	2274.554	0.100	0.624	15.906
70.000	2463.523	0.100	0.647	16.215
71.000	2668.190	0.100	0.672	16.552
72.000	2889.862	0.100	0.701	16.917
73.000	3129.949	0.100	0.734	17.310
74.000	3389.983	0.100	0.770	17.729
75.000	3671.620	0.100	0.810	18.174
76.000	3976.656	0.100	0.856	18.646
77.000	4307.033	0.100	0.906	19.141
78.000	4664.859	0.100	0.962	19.661
79.000	5052.412	0.100	1.024	20.203
80.000	5472.162	0.100	1.092	20.767
81.000	5926.785	0.100	1.168	21.350
82.000	6419.178	0.100	1.252	21.954
83.000	6952.479	0.100	1.345	22.574
84.000	7530.086	0.100	1.447	23.207
85.000	8155.680	0.100	1.560	23.860
86.000	8833.248	0.100	1.685	24.530
87.000	9567.107	0.100	1.824	25.218
88.000	10361.935	0.100	1.978	25.923
89.000	11222.797	0.100	2.149	26.643
90.000	12155.179	0.100	2.339	27.381
91.000	13165.022	0.100	2.552	28.138
92.000	14258.763	0.100	2.793	28.922
93.000	15443.370	0.100	3.065	29.729
94.000	16726.394	0.100	3.377	30.571
95.000	18116.011	0.100	3.735	31.445
96.000	19621.075	0.100	4.151	32.363
97.000	21251.180	0.100	4.644	33.338
98.000	23016.712	0.100	5.232	34.374
99.000	24928.923	0.100	5.954	35.496
100.000	27000.000	0.100	6.856	36.721
