1.000	10.000	0.750	0.076	-19.873
2.000	10.701	0.750	0.081	-19.282
3.000	11.452	0.750	0.087	-18.689
4.000	12.255	0.750	0.093	-18.096
5.000	13.114	0.750	0.100	-17.504
6.000	14.033	0.750	0.107	-16.913
7.000	15.017	0.750	0.115	-16.322
8.000	16.070	0.750	0.123	-15.732
9.000	17.197	0.750	0.131	-15.142
10.000	18.403	0.750	0.140	-14.552
11.000	19.694	0.750	0.150	-13.966
12.000	21.074	0.750	0.161	-13.377
13.000	22.552	0.750	0.172	-12.787
14.000	24.134	0.750	0.184	-12.198
15.000	25.826	0.750	0.197	-11.607
16.000	27.637	0.750	0.211	-11.019
17.000	29.575	0.750	0.226	-10.432
18.000	31.648	0.750	0.241	-9.845
19.000	33.868	0.750	0.258	-9.258
20.000	36.242	0.750	0.276	-8.672
21.000	38.784	0.750	0.296	-8.084
22.000	41.503	0.750	0.316	-7.496
23.000	44.413	0.750	0.339	-6.908
24.000	47.528	0.750	0.362	-6.323
25.000	50.860	0.750	0.387	-5.738
26.000	54.427	0.750	0.414	-5.152
27.000	58.243	0.750	0.443	-4.570
28.000	62.327	0.750	0.474	-3.977
29.000	66.697	0.750	0.507	-3.397
30.000	71.374	0.750	0.542	-2.813
31.000	76.379	0.750	0.580	-2.229
32.000	81.735	0.750	0.621	-1.646
33.000	87.466	0.750	0.663	-1.066
34.000	93.599	0.750	0.709	-0.484
35.000	100.162	0.750	0.758	0.096
36.000	107.186	0.750	0.810	0.673
37.000	114.701	0.750	0.866	1.252
38.000	122.744	0.750	0.926	1.826
39.000	131.351	0.750	0.989	2.401
40.000	140.561	0.750	1.056	2.972
41.000	150.418	0.750	1.128	3.543
42.000	160.965	0.750	1.204	4.110
43.000	172.252	0.750	1.285	4.674
44.000	184.330	0.750	1.370	5.236
45.000	197.255	0.750	1.461	5.789
46.000	211.087	0.750	1.556	6.341
47.000	225.888	0.750	1.658	6.889
48.000	241.727	0.750	1.765	7.433
49.000	258.677	0.750	1.878	7.972
50.000	276.816	0.750	1.997	8.504
51.000	296.226	0.750	2.120	9.026
52.000	316.997	0.750	2.249	9.540
53.000	339.225	0.750	2.384	10.045
54.000	363.012	0.750	2.523	10.538
55.000	388.466	0.750	2.668	11.022
56.000	415.705	0.750	2.817	11.494
57.000	444.854	0.750	2.970	11.952
58.000	476.048	0.750	3.126	12.400
59.000	509.428	0.750	3.286	12.832
60.000	545.149	0.750	3.446	13.246
61.000	583.375	0.750	3.607	13.642
62.000	624.281	0.750	3.768	14.021
63.000	668.056	0.750	3.927	14.381
64.000	714.900	0.750	4.085	14.722
65.000	765.029	0.750	4.239	15.045
66.000	818.672	0.750	4.390	15.348
67.000	876.078	0.750	4.536	15.632
68.000	937.508	0.750	4.676	15.896
69.000	1003.246	0.750	4.809	16.140
70.000	1073.594	0.750	4.935	16.364
71.000	1148.874	0.750	5.053	16.570
72.000	1229.433	0.750	5.164	16.758
73.000	1315.641	0.750	5.267	16.930
74.000	1407.894	0.750	5.363	17.086
75.000	1506.615	0.750	5.450	17.227
76.000	1612.259	0.750	5.531	17.355
77.000	1725.310	0.750	5.604	17.469
78.000	1846.289	0.750	5.671	17.572
79.000	1975.751	0.750	5.732	17.664
80.000	2114.290	0.750	5.786	17.747
81.000	2262.544	0.750	5.835	17.820
82.000	2421.194	0.750	5.879	17.885
83.000	2590.968	0.750	5.918	17.942
84.000	2772.646	0.750	5.953	17.993
85.000	2967.064	0.750	5.984	18.038
86.000	3175.114	0.750	6.011	18.078
87.000	3397.753	0.750	6.035	18.112
88.000	3636.004	0.750	6.057	18.143
89.000	3890.960	0.750	6.075	18.170
90.000	4163.794	0.750	6.092	18.194
91.000	4455.759	0.750	6.107	18.215
92.000	4768.197	0.750	6.120	18.234
93.000	5102.542	0.750	6.131	18.250
94.000	5460.332	0.750	6.141	18.264
95.000	5843.211	0.750	6.150	18.277
96.000	6252.936	0.750	6.158	18.288
97.000	6691.392	0.750	6.165	18.297
98.000	7160.592	0.750	6.171	18.306
99.000	7662.692	0.750	6.176	18.313
100.000	8200.000	0.750	6.181	18.320
