1.000	10.000	10.000	9.940	-0.052
2.000	10.767	10.000	9.946	-0.047
3.000	11.592	10.000	9.953	-0.041
4.000	12.481	10.000	9.958	-0.036
5.000	13.438	10.000	9.962	-0.033
6.000	14.468	10.000	9.966	-0.030
7.000	15.577	10.000	9.969	-0.027
8.000	16.772	10.000	9.973	-0.024
9.000	18.057	10.000	9.975	-0.022
10.000	19.442	10.000	9.977	-0.020
11.000	20.932	10.000	9.979	-0.018
12.000	22.537	10.000	9.981	-0.017
13.000	24.265	10.000	9.982	-0.016
14.000	26.125	10.000	9.983	-0.015
15.000	28.128	10.000	9.984	-0.014
16.000	30.285	10.000	9.985	-0.013
17.000	32.607	10.000	9.986	-0.012
18.000	35.107	10.000	9.986	-0.012
19.000	37.798	10.000	9.987	-0.011
20.000	40.696	10.000	9.988	-0.011
21.000	43.816	10.000	9.988	-0.010
22.000	47.175	10.000	9.989	-0.010
23.000	50.792	10.000	9.989	-0.010
24.000	54.686	10.000	9.989	-0.009
25.000	58.879	10.000	9.989	-0.009
26.000	63.393	10.000	9.990	-0.009
27.000	68.254	10.000	9.990	-0.009
28.000	73.486	10.000	9.990	-0.008
29.000	79.120	10.000	9.990	-0.008
30.000	85.186	10.000	9.991	-0.008
31.000	91.717	10.000	9.991	-0.008
32.000	98.749	10.000	9.991	-0.008
33.000	106.320	10.000	9.991	-0.008
34.000	114.471	10.000	9.991	-0.008
35.000	123.248	10.000	9.991	-0.008
36.000	132.697	10.000	9.991	-0.008
37.000	142.870	10.000	9.990	-0.008
38.000	153.824	10.000	9.990	-0.009
39.000	165.617	10.000	9.990	-0.009
40.000	178.315	10.000	9.990	-0.009
41.000	191.986	10.000	9.989	-0.009
42.000	206.705	10.000	9.989	-0.010
43.000	222.553	10.000	9.988	-0.011
44.000	239.615	10.000	9.987	-0.011
45.000	257.986	10.000	9.986	-0.012
46.000	277.765	10.000	9.984	-0.014
47.000	299.061	10.000	9.982	-0.016
48.000	321.989	10.000	9.979	-0.018
49.000	346.675	10.000	9.975	-0.022
50.000	373.254	10.000	9.970	-0.026
51.000	401.871	10.000	9.963	-0.032
52.000	432.681	10.000	9.954	-0.040
53.000	465.854	10.000	9.943	-0.050
54.000	501.570	10.000	9.927	-0.064
55.000	540.024	10.000	9.906	-0.082
56.000	581.427	10.000	9.879	-0.106
57.000	626.004	10.000	9.842	-0.139
58.000	673.998	10.000	9.793	-0.181
59.000	725.672	10.000	9.729	-0.238
60.000	781.308	10.000	9.645	-0.314
61.000	841.209	10.000	9.535	-0.413
62.000	905.702	10.000	9.394	-0.543
63.000	975.141	10.000	9.215	-0.710
64.000	1049.903	10.000	8.990	-0.925
65.000	1130.396	10.000	8.712	-1.197
66.000	1217.061	10.000	8.376	-1.539
67.000	1310.371	10.000	7.980	-1.959
68.000	1410.834	10.000	7.529	-2.465
69.000	1519.000	10.000	7.028	-3.064
70.000	1635.458	10.000	6.489	-3.756
71.000	1760.845	10.000	5.930	-4.538
72.000	1895.845	10.000	5.364	-5.410
73.000	2041.195	10.000	4.812	-6.354
74.000	2197.689	10.000	4.281	-7.369
75.000	2366.181	10.000	3.785	-8.438
76.000	2547.591	10.000	3.330	-9.552
77.000	2742.909	10.000	2.914	-10.709
78.000	2953.202	10.000	2.544	-11.890
79.000	3179.618	10.000	2.215	-13.093
80.000	3423.392	10.000	1.924	-14.316
81.000	3685.856	10.000	1.668	-15.557
82.000	3968.443	10.000	1.445	-16.803
83.000	4272.695	10.000	1.252	-18.050
84.000	4600.273	10.000	1.083	-19.311
85.000	4952.966	10.000	0.936	-20.576
86.000	5332.699	10.000	0.809	-21.844
87.000	5741.545	10.000	0.699	-23.113
88.000	6181.737	10.000	0.604	-24.384
89.000	6655.677	10.000	0.521	-25.659
90.000	7165.953	10.000	0.450	-26.932
91.000	7715.351	10.000	0.389	-28.208
92.000	8306.870	10.000	0.336	-29.482
93.000	8943.740	10.000	0.290	-30.762
94.000	9629.437	10.000	0.250	-32.037
95.000	10367.704	10.000	0.216	-33.312
96.000	11162.574	10.000	0.186	-34.591
97.000	12018.384	10.000	0.161	-35.874
98.000	12939.807	10.000	0.139	-37.148
99.000	13931.874	10.000	0.120	-38.429
100.000	15000.000	10.000	0.103	-39.710
