1.000	10.000	1.000	0.993	-0.059
2.000	10.940	1.000	0.994	-0.051
3.000	11.969	1.000	0.995	-0.045
4.000	13.094	1.000	0.995	-0.040
5.000	14.325	1.000	0.996	-0.036
6.000	15.672	1.000	0.996	-0.033
7.000	17.145	1.000	0.997	-0.029
8.000	18.757	1.000	0.997	-0.027
9.000	20.520	1.000	0.997	-0.024
10.000	22.450	1.000	0.997	-0.023
11.000	24.560	1.000	0.998	-0.021
12.000	26.869	1.000	0.998	-0.020
13.000	29.396	1.000	0.998	-0.018
14.000	32.159	1.000	0.998	-0.017
15.000	35.183	1.000	0.998	-0.015
16.000	38.490	1.000	0.998	-0.014
17.000	42.109	1.000	0.999	-0.013
18.000	46.068	1.000	0.999	-0.011
19.000	50.399	1.000	0.999	-0.010
20.000	55.137	1.000	0.999	-0.008
21.000	60.321	1.000	0.999	-0.008
22.000	65.992	1.000	1.000	-0.004
23.000	72.197	1.000	1.000	-0.001
24.000	78.984	1.000	1.000	0.002
25.000	86.410	1.000	1.001	0.005
26.000	94.534	1.000	1.001	0.009
27.000	103.421	1.000	1.002	0.014
28.000	113.145	1.000	1.002	0.020
29.000	123.782	1.000	1.003	0.027
30.000	135.419	1.000	1.004	0.035
31.000	148.151	1.000	1.005	0.044
32.000	162.079	1.000	1.006	0.056
33.000	177.317	1.000	1.008	0.070
34.000	193.988	1.000	1.010	0.086
35.000	212.226	1.000	1.012	0.105
36.000	232.178	1.000	1.015	0.128
37.000	254.006	1.000	1.018	0.155
38.000	277.887	1.000	1.022	0.188
39.000	304.013	1.000	1.026	0.226
40.000	332.595	1.000	1.032	0.271
41.000	363.864	1.000	1.038	0.324
42.000	398.072	1.000	1.046	0.387
43.000	435.497	1.000	1.055	0.461
44.000	476.441	1.000	1.065	0.548
45.000	521.234	1.000	1.078	0.650
46.000	570.238	1.000	1.092	0.768
47.000	623.849	1.000	1.110	0.905
48.000	682.500	1.000	1.130	1.062
49.000	746.666	1.000	1.154	1.242
50.000	816.864	1.000	1.181	1.447
51.000	893.662	1.000	1.213	1.680
52.000	977.680	1.000	1.251	1.942
53.000	1069.597	1.000	1.293	2.232
54.000	1170.155	1.000	1.342	2.554
55.000	1280.168	1.000	1.397	2.906
56.000	1400.524	1.000	1.460	3.285
57.000	1532.195	1.000	1.530	3.695
58.000	1676.245	1.000	1.609	4.134
59.000	1833.838	1.000	1.698	4.598
60.000	2006.247	1.000	1.796	5.086
61.000	2194.865	1.000	1.904	5.592
62.000	2401.216	1.000	2.021	6.113
63.000	2626.968	1.000	2.148	6.642
64.000	2873.943	1.000	2.285	7.178
65.000	3144.138	1.000	2.431	7.715
66.000	3439.736	1.000	2.585	8.250
67.000	3763.124	1.000	2.748	8.779
68.000	4116.916	1.000	2.917	9.298
69.000	4503.970	1.000	3.091	9.803
70.000	4927.413	1.000	3.270	10.290
71.000	5390.666	1.000	3.449	10.753
72.000	5897.472	1.000	3.627	11.191
73.000	6451.926	1.000	3.802	11.601
74.000	7058.506	1.000	3.973	11.982
75.000	7722.115	1.000	4.137	12.333
76.000	8448.114	1.000	4.293	12.654
77.000	9242.367	1.000	4.439	12.946
78.000	10111.292	1.000	4.575	13.208
79.000	11061.910	1.000	4.699	13.440
80.000	12101.901	1.000	4.812	13.646
81.000	13239.667	1.000	4.913	13.826
82.000	14484.400	1.000	5.002	13.983
83.000	15846.158	1.000	5.081	14.119
84.000	17335.942	1.000	5.150	14.237
85.000	18965.789	1.000	5.210	14.337
86.000	20748.866	1.000	5.262	14.423
87.000	22699.581	1.000	5.306	14.496
88.000	24833.693	1.000	5.344	14.557
89.000	27168.444	1.000	5.375	14.608
90.000	29722.698	1.000	5.402	14.650
91.000	32517.091	1.000	5.423	14.685
92.000	35574.201	1.000	5.440	14.712
93.000	38918.726	1.000	5.454	14.734
94.000	42577.689	1.000	5.463	14.749
95.000	46580.650	1.000	5.470	14.760
96.000	50959.952	1.000	5.474	14.765
97.000	55750.975	1.000	5.474	14.766
98.000	60992.430	1.000	5.472	14.762
99.000	66726.662	1.000	5.466	14.754
100.000	73000.000	1.000	5.457	14.740
