1.000	10.000	0.500	5.968	21.537
2.000	10.992	0.500	5.973	21.545
3.000	12.083	0.500	5.977	21.551
4.000	13.282	0.500	5.980	21.555
5.000	14.601	0.500	5.983	21.558
6.000	16.050	0.500	5.984	21.561
7.000	17.642	0.500	5.985	21.563
8.000	19.393	0.500	5.986	21.563
9.000	21.318	0.500	5.986	21.564
10.000	23.433	0.500	5.986	21.563
11.000	25.759	0.500	5.985	21.562
12.000	28.315	0.500	5.983	21.560
13.000	31.125	0.500	5.981	21.557
14.000	34.214	0.500	5.979	21.553
15.000	37.610	0.500	5.975	21.547
16.000	41.342	0.500	5.971	21.541
17.000	45.445	0.500	5.965	21.533
18.000	49.955	0.500	5.958	21.523
19.000	54.912	0.500	5.950	21.511
20.000	60.362	0.500	5.941	21.497
21.000	66.352	0.500	5.927	21.478
22.000	72.937	0.500	5.913	21.456
23.000	80.175	0.500	5.895	21.430
24.000	88.132	0.500	5.874	21.399
25.000	96.878	0.500	5.848	21.361
26.000	106.493	0.500	5.818	21.316
27.000	117.061	0.500	5.782	21.262
28.000	128.678	0.500	5.739	21.197
29.000	141.448	0.500	5.688	21.120
30.000	155.486	0.500	5.629	21.030
31.000	170.916	0.500	5.560	20.922
32.000	187.878	0.500	5.480	20.797
33.000	206.523	0.500	5.388	20.650
34.000	227.019	0.500	5.284	20.479
35.000	249.548	0.500	5.165	20.282
36.000	274.314	0.500	5.032	20.055
37.000	301.537	0.500	4.884	19.796
38.000	331.462	0.500	4.721	19.502
39.000	364.356	0.500	4.545	19.172
40.000	400.515	0.500	4.356	18.802
41.000	440.262	0.500	4.157	18.396
42.000	483.954	0.500	3.950	17.952
43.000	531.982	0.500	3.737	17.471
44.000	584.776	0.500	3.521	16.954
45.000	642.810	0.500	3.304	16.402
46.000	706.603	0.500	3.088	15.816
47.000	776.727	0.500	2.877	15.200
48.000	853.809	0.500	2.673	14.560
49.000	938.542	0.500	2.477	13.898
50.000	1031.684	0.500	2.290	13.216
51.000	1134.069	0.500	2.112	12.515
52.000	1246.614	0.500	1.945	11.797
53.000	1370.329	0.500	1.787	11.064
54.000	1506.322	0.500	1.641	10.322
55.000	1655.810	0.500	1.506	9.574
56.000	1820.134	0.500	1.381	8.827
57.000	2000.765	0.500	1.266	8.070
58.000	2199.322	0.500	1.160	7.310
59.000	2417.584	0.500	1.063	6.550
60.000	2657.507	0.500	0.974	5.793
61.000	2921.240	0.500	0.893	5.038
62.000	3211.145	0.500	0.819	4.289
63.000	3529.822	0.500	0.752	3.549
64.000	3880.123	0.500	0.692	2.817
65.000	4265.190	0.500	0.637	2.098
66.000	4688.470	0.500	0.587	1.394
67.000	5153.757	0.500	0.542	0.704
68.000	5665.219	0.500	0.502	0.038
69.000	6227.439	0.500	0.466	-0.606
70.000	6845.454	0.500	0.434	-1.227
71.000	7524.802	0.500	0.406	-1.819
72.000	8271.568	0.500	0.380	-2.378
73.000	9092.444	0.500	0.358	-2.903
74.000	9994.784	0.500	0.338	-3.394
75.000	10986.673	0.500	0.321	-3.849
76.000	12076.998	0.500	0.306	-4.268
77.000	13275.527	0.500	0.293	-4.648
78.000	14592.999	0.500	0.281	-4.990
79.000	16041.218	0.500	0.272	-5.296
80.000	17633.159	0.500	0.263	-5.567
81.000	19383.086	0.500	0.256	-5.805
82.000	21306.676	0.500	0.250	-6.014
83.000	23421.165	0.500	0.245	-6.195
84.000	25745.497	0.500	0.241	-6.351
85.000	28300.497	0.500	0.237	-6.486
86.000	31109.057	0.500	0.234	-6.601
87.000	34196.341	0.500	0.231	-6.699
88.000	37590.009	0.500	0.229	-6.783
89.000	41320.466	0.500	0.227	-6.854
90.000	45421.137	0.500	0.226	-6.914
91.000	49928.760	0.500	0.224	-6.965
92.000	54883.724	0.500	0.223	-7.007
93.000	60330.421	0.500	0.222	-7.043
94.000	66317.652	0.500	0.221	-7.073
95.000	72899.060	0.500	0.221	-7.098
96.000	80133.611	0.500	0.220	-7.119
97.000	88086.124	0.500	0.220	-7.136
98.000	96827.850	0.500	0.220	-7.150
99.000	106437.110	0.500	0.219	-7.161
100.000	117000.000	0.500	0.219	-7.170
