1.000	10.000	5.000	0.001	-73.315
2.000	10.638	5.000	0.001	-73.359
3.000	11.316	5.000	0.001	-73.377
4.000	12.038	5.000	0.001	-73.415
5.000	12.805	5.000	0.001	-73.426
6.000	13.622	5.000	0.001	-73.441
7.000	14.490	5.000	0.001	-73.482
8.000	15.414	5.000	0.001	-73.518
9.000	16.397	5.000	0.001	-73.538
10.000	17.443	5.000	0.001	-73.548
11.000	18.555	5.000	0.001	-73.570
12.000	19.738	5.000	0.001	-73.610
13.000	20.997	5.000	0.001	-73.605
14.000	22.335	5.000	0.001	-73.632
15.000	23.760	5.000	0.001	-73.623
16.000	25.275	5.000	0.001	-73.639
17.000	26.886	5.000	0.001	-73.616
18.000	28.601	5.000	0.001	-73.558
19.000	30.424	5.000	0.001	-73.484
20.000	32.364	5.000	0.001	-73.381
21.000	34.428	5.000	0.001	-73.191
22.000	36.623	5.000	0.001	-72.942
23.000	38.959	5.000	0.001	-72.541
24.000	41.443	5.000	0.001	-72.069
25.000	44.085	5.000	0.001	-71.440
26.000	46.897	5.000	0.001	-70.577
27.000	49.887	5.000	0.002	-69.771
28.000	53.068	5.000	0.002	-68.758
29.000	56.452	5.000	0.002	-67.631
30.000	60.051	5.000	0.002	-66.401
31.000	63.881	5.000	0.003	-65.115
32.000	67.954	5.000	0.003	-63.758
33.000	72.287	5.000	0.004	-62.350
34.000	76.896	5.000	0.005	-60.895
35.000	81.800	5.000	0.005	-59.398
36.000	87.016	5.000	0.006	-57.835
37.000	92.564	5.000	0.008	-56.260
38.000	98.467	5.000	0.009	-54.681
39.000	104.745	5.000	0.011	-53.098
40.000	111.424	5.000	0.013	-51.512
41.000	118.529	5.000	0.016	-49.918
42.000	126.087	5.000	0.019	-48.315
43.000	134.127	5.000	0.023	-46.714
44.000	142.680	5.000	0.028	-45.115
45.000	151.778	5.000	0.033	-43.507
46.000	161.456	5.000	0.040	-41.905
47.000	171.751	5.000	0.048	-40.298
48.000	182.703	5.000	0.058	-38.693
49.000	194.353	5.000	0.070	-37.089
50.000	206.746	5.000	0.084	-35.483
51.000	219.929	5.000	0.101	-33.879
52.000	233.952	5.000	0.122	-32.276
53.000	248.870	5.000	0.146	-30.672
54.000	264.740	5.000	0.176	-29.070
55.000	281.621	5.000	0.212	-27.467
56.000	299.578	5.000	0.254	-25.872
57.000	318.681	5.000	0.306	-24.276
58.000	339.001	5.000	0.367	-22.681
59.000	360.618	5.000	0.441	-21.092
60.000	383.612	5.000	0.529	-19.507
61.000	408.073	5.000	0.635	-17.927
62.000	434.094	5.000	0.761	-16.357
63.000	461.774	5.000	0.910	-14.801
64.000	491.219	5.000	1.086	-13.262
65.000	522.542	5.000	1.293	-11.750
66.000	555.861	5.000	1.532	-10.272
67.000	591.306	5.000	1.807	-8.842
68.000	629.010	5.000	2.114	-7.476
69.000	669.119	5.000	2.449	-6.199
70.000	711.785	5.000	2.803	-5.027
71.000	757.172	5.000	3.164	-3.975
72.000	805.453	5.000	3.513	-3.066
73.000	856.813	5.000	3.833	-2.308
74.000	911.447	5.000	4.113	-1.696
75.000	969.566	5.000	4.346	-1.218
76.000	1031.390	5.000	4.530	-0.857
77.000	1097.156	5.000	4.670	-0.594
78.000	1167.116	5.000	4.771	-0.406
79.000	1241.537	5.000	4.844	-0.276
80.000	1320.704	5.000	4.893	-0.188
81.000	1404.918	5.000	4.926	-0.129
82.000	1494.502	5.000	4.948	-0.091
83.000	1589.799	5.000	4.961	-0.068
84.000	1691.173	5.000	4.969	-0.055
85.000	1799.010	5.000	4.972	-0.048
86.000	1913.724	5.000	4.974	-0.046
87.000	2035.752	5.000	4.974	-0.046
88.000	2165.561	5.000	4.972	-0.048
89.000	2303.648	5.000	4.971	-0.050
90.000	2450.540	5.000	4.969	-0.054
91.000	2606.798	5.000	4.967	-0.058
92.000	2773.020	5.000	4.965	-0.061
93.000	2949.841	5.000	4.963	-0.065
94.000	3137.938	5.000	4.961	-0.068
95.000	3338.028	5.000	4.959	-0.072
96.000	3550.877	5.000	4.957	-0.074
97.000	3777.298	5.000	4.956	-0.077
98.000	4018.156	5.000	4.954	-0.080
99.000	4274.374	5.000	4.952	-0.083
100.000	4546.928	5.000	4.951	-0.086
101.000	4836.863	5.000	4.950	-0.088
102.000	5145.285	5.000	4.948	-0.090
103.000	5473.373	5.000	4.947	-0.093
104.000	5822.382	5.000	4.946	-0.095
105.000	6193.645	5.000	4.945	-0.096
106.000	6588.582	5.000	4.944	-0.098
107.000	7008.702	5.000	4.943	-0.100
108.000	7455.611	5.000	4.942	-0.101
109.000	7931.017	5.000	4.941	-0.102
110.000	8436.737	5.000	4.941	-0.103
111.000	8974.704	5.000	4.941	-0.104
112.000	9546.975	5.000	4.940	-0.104
113.000	10155.736	5.000	4.940	-0.104
114.000	10803.315	5.000	4.940	-0.105
115.000	11492.187	5.000	4.940	-0.104
116.000	12224.985	5.000	4.941	-0.104
117.000	13004.509	5.000	4.941	-0.103
118.000	13833.740	5.000	4.941	-0.102
119.000	14715.846	5.000	4.942	-0.102
120.000	15654.200	5.000	4.942	-0.101
121.000	16652.388	5.000	4.942	-0.101
122.000	17714.225	5.000	4.943	-0.100
123.000	18843.770	5.000	4.943	-0.099
124.000	20045.340	5.000	4.944	-0.099
125.000	21323.528	5.000	4.944	-0.098
126.000	22683.220	5.000	4.944	-0.097
127.000	24129.612	5.000	4.945	-0.097
128.000	25668.233	5.000	4.945	-0.096
129.000	27304.964	5.000	4.945	-0.095
130.000	29046.061	5.000	4.946	-0.095
131.000	30898.179	5.000	4.946	-0.094
132.000	32868.397	5.000	4.947	-0.093
133.000	34964.246	5.000	4.947	-0.093
134.000	37193.736	5.000	4.947	-0.092
135.000	39565.389	5.000	4.948	-0.091
136.000	42088.270	5.000	4.948	-0.090
137.000	44772.022	5.000	4.949	-0.089
138.000	47626.904	5.000	4.949	-0.088
139.000	50663.826	5.000	4.950	-0.087
140.000	53894.398	5.000	4.951	-0.086
141.000	57330.966	5.000	4.951	-0.085
142.000	60986.667	5.000	4.952	-0.084
143.000	64875.473	5.000	4.953	-0.083
144.000	69012.248	5.000	4.954	-0.081
145.000	73412.804	5.000	4.954	-0.080
146.000	78093.961	5.000	4.955	-0.078
147.000	83073.611	5.000	4.956	-0.076
148.000	88370.787	5.000	4.957	-0.074
149.000	94005.738	5.000	4.959	-0.072
150.000	100000.000	5.000	4.960	-0.069
