1.000	10.000	5.000	4.966	-0.060
2.000	10.975	5.000	4.969	-0.054
3.000	12.045	5.000	4.973	-0.048
4.000	13.219	5.000	4.975	-0.043
5.000	14.508	5.000	4.978	-0.039
6.000	15.923	5.000	4.980	-0.035
7.000	17.475	5.000	4.982	-0.032
8.000	19.179	5.000	4.983	-0.030
9.000	21.049	5.000	4.984	-0.027
10.000	23.101	5.000	4.985	-0.026
11.000	25.354	5.000	4.986	-0.024
12.000	27.826	5.000	4.987	-0.022
13.000	30.539	5.000	4.988	-0.021
14.000	33.516	5.000	4.989	-0.020
15.000	36.784	5.000	4.989	-0.019
16.000	40.370	5.000	4.990	-0.018
17.000	44.306	5.000	4.990	-0.017
18.000	48.626	5.000	4.991	-0.016
19.000	53.367	5.000	4.992	-0.015
20.000	58.570	5.000	4.992	-0.013
21.000	64.281	5.000	4.993	-0.012
22.000	70.548	5.000	4.994	-0.010
23.000	77.426	5.000	4.995	-0.009
24.000	84.975	5.000	4.996	-0.006
25.000	93.260	5.000	4.998	-0.004
26.000	102.353	5.000	5.000	-0.001
27.000	112.332	5.000	5.002	0.003
28.000	123.285	5.000	5.004	0.007
29.000	135.305	5.000	5.007	0.012
30.000	148.497	5.000	5.010	0.018
31.000	162.975	5.000	5.014	0.025
32.000	178.865	5.000	5.019	0.033
33.000	196.304	5.000	5.025	0.043
34.000	215.443	5.000	5.031	0.055
35.000	236.449	5.000	5.039	0.068
36.000	259.502	5.000	5.048	0.084
37.000	284.804	5.000	5.059	0.101
38.000	312.572	5.000	5.070	0.121
39.000	343.047	5.000	5.083	0.143
40.000	376.494	5.000	5.097	0.167
41.000	413.201	5.000	5.112	0.192
42.000	453.488	5.000	5.126	0.216
43.000	497.702	5.000	5.138	0.236
44.000	546.228	5.000	5.147	0.251
45.000	599.484	5.000	5.148	0.254
46.000	657.933	5.000	5.139	0.238
47.000	722.081	5.000	5.115	0.197
48.000	792.483	5.000	5.069	0.120
49.000	869.749	5.000	5.000	-0.000
50.000	954.548	5.000	4.905	-0.166
51.000	1047.616	5.000	4.790	-0.373
52.000	1149.757	5.000	4.666	-0.601
53.000	1261.857	5.000	4.554	-0.812
54.000	1384.886	5.000	4.481	-0.951
55.000	1519.911	5.000	4.480	-0.953
56.000	1668.101	5.000	4.558	-0.803
57.000	1830.738	5.000	4.566	-0.788
58.000	2009.233	5.000	3.969	-2.006
59.000	2205.131	5.000	2.682	-5.411
60.000	2420.128	5.000	1.589	-9.955
61.000	2656.088	5.000	0.936	-14.552
62.000	2915.053	5.000	0.566	-18.917
63.000	3199.267	5.000	0.352	-23.041
64.000	3511.192	5.000	0.224	-26.971
65.000	3853.529	5.000	0.145	-30.756
66.000	4229.243	5.000	0.095	-34.421
67.000	4641.589	5.000	0.063	-37.994
68.000	5094.138	5.000	0.042	-41.493
69.000	5590.810	5.000	0.028	-44.929
70.000	6135.907	5.000	0.019	-48.306
71.000	6734.151	5.000	0.013	-51.639
72.000	7390.722	5.000	0.009	-54.911
73.000	8111.308	5.000	0.006	-58.144
74.000	8902.151	5.000	0.004	-61.261
75.000	9770.100	5.000	0.003	-64.255
76.000	10722.672	5.000	0.002	-67.107
77.000	11768.120	5.000	0.002	-70.002
78.000	12915.497	5.000	0.001	-73.001
79.000	14174.742	5.000	0.001	-75.602
80.000	15556.761	5.000	0.001	-77.978
81.000	17073.526	5.000	0.000	-81.534
82.000	18738.174	5.000	0.000	-82.275
83.000	20565.123	5.000	0.000	-86.209
84.000	22570.197	5.000	0.000	-96.221
85.000	24770.764	5.000	0.000	-99.180
86.000	27185.882	5.000	0.000	-93.449
87.000	29836.472	5.000	0.000	-93.038
88.000	32745.492	5.000	0.000	-104.186
89.000	35938.137	5.000	0.000	-105.159
90.000	39442.061	5.000	0.000	-97.513
91.000	43287.613	5.000	0.000	-107.259
92.000	47508.102	5.000	0.000	-101.558
93.000	52140.083	5.000	0.000	-108.602
94.000	57223.677	5.000	0.000	-106.182
95.000	62802.914	5.000	0.000	-110.503
96.000	68926.121	5.000	0.000	-109.917
97.000	75646.333	5.000	0.000	-111.974
98.000	83021.757	5.000	0.000	-113.586
99.000	91116.276	5.000	0.000	-116.008
100.000	100000.000	5.000	0.000	-118.055
