1.000	10.000	2.000	0.141	-23.023
2.000	10.975	2.000	0.141	-23.025
3.000	12.045	2.000	0.141	-23.031
4.000	13.219	2.000	0.141	-23.038
5.000	14.508	2.000	0.141	-23.049
6.000	15.923	2.000	0.141	-23.065
7.000	17.475	2.000	0.140	-23.085
8.000	19.179	2.000	0.140	-23.106
9.000	21.049	2.000	0.139	-23.132
10.000	23.101	2.000	0.139	-23.166
11.000	25.354	2.000	0.138	-23.214
12.000	27.826	2.000	0.137	-23.272
13.000	30.539	2.000	0.136	-23.343
14.000	33.516	2.000	0.135	-23.424
15.000	36.784	2.000	0.133	-23.522
16.000	40.370	2.000	0.131	-23.644
17.000	44.306	2.000	0.129	-23.792
18.000	48.626	2.000	0.127	-23.976
19.000	53.367	2.000	0.123	-24.206
20.000	58.570	2.000	0.119	-24.490
21.000	64.281	2.000	0.114	-24.847
22.000	70.548	2.000	0.109	-25.298
23.000	77.426	2.000	0.102	-25.866
24.000	84.975	2.000	0.094	-26.601
25.000	93.260	2.000	0.084	-27.572
26.000	102.353	2.000	0.072	-28.906
27.000	112.332	2.000	0.057	-30.844
28.000	123.285	2.000	0.040	-33.927
29.000	135.305	2.000	0.020	-40.116
30.000	148.497	2.000	0.005	-51.700
31.000	162.975	2.000	0.035	-35.262
32.000	178.865	2.000	0.070	-29.164
33.000	196.304	2.000	0.112	-25.072
34.000	215.443	2.000	0.161	-21.868
35.000	236.449	2.000	0.220	-19.153
36.000	259.502	2.000	0.290	-16.765
37.000	284.804	2.000	0.373	-14.593
38.000	312.572	2.000	0.469	-12.589
39.000	343.047	2.000	0.582	-10.717
40.000	376.494	2.000	0.713	-8.956
41.000	413.201	2.000	0.864	-7.288
42.000	453.488	2.000	1.037	-5.706
43.000	497.702	2.000	1.233	-4.204
44.000	546.228	2.000	1.452	-2.784
45.000	599.484	2.000	1.694	-1.442
46.000	657.933	2.000	1.960	-0.176
47.000	722.081	2.000	2.245	1.003
48.000	792.483	2.000	2.545	2.094
49.000	869.749	2.000	2.858	3.100
50.000	954.548	2.000	3.177	4.021
51.000	1047.616	2.000	3.497	4.853
52.000	1149.757	2.000	3.810	5.598
53.000	1261.857	2.000	4.111	6.259
54.000	1384.886	2.000	4.397	6.843
55.000	1519.911	2.000	4.664	7.355
56.000	1668.101	2.000	4.908	7.797
57.000	1830.738	2.000	5.127	8.177
58.000	2009.233	2.000	5.324	8.503
59.000	2205.131	2.000	5.497	8.782
60.000	2420.128	2.000	5.650	9.020
61.000	2656.088	2.000	5.782	9.222
62.000	2915.053	2.000	5.897	9.392
63.000	3199.267	2.000	5.994	9.534
64.000	3511.192	2.000	6.077	9.653
65.000	3853.529	2.000	6.147	9.752
66.000	4229.243	2.000	6.206	9.836
67.000	4641.589	2.000	6.255	9.904
68.000	5094.138	2.000	6.297	9.961
69.000	5590.810	2.000	6.331	10.009
70.000	6135.907	2.000	6.360	10.049
71.000	6734.151	2.000	6.384	10.081
72.000	7390.722	2.000	6.404	10.108
73.000	8111.308	2.000	6.421	10.131
74.000	8902.151	2.000	6.435	10.150
75.000	9770.100	2.000	6.447	10.167
76.000	10722.672	2.000	6.457	10.180
77.000	11768.120	2.000	6.466	10.192
78.000	12915.497	2.000	6.474	10.202
79.000	14174.742	2.000	6.480	10.211
80.000	15556.761	2.000	6.485	10.218
81.000	17073.526	2.000	6.490	10.224
82.000	18738.174	2.000	6.493	10.228
83.000	20565.123	2.000	6.495	10.231
84.000	22570.197	2.000	6.497	10.234
85.000	24770.764	2.000	6.498	10.235
86.000	27185.882	2.000	6.499	10.236
87.000	29836.472	2.000	6.499	10.236
88.000	32745.492	2.000	6.498	10.235
89.000	35938.137	2.000	6.496	10.232
90.000	39442.061	2.000	6.494	10.229
91.000	43287.613	2.000	6.490	10.225
92.000	47508.102	2.000	6.486	10.219
93.000	52140.083	2.000	6.480	10.211
94.000	57223.677	2.000	6.473	10.202
95.000	62802.914	2.000	6.465	10.190
96.000	68926.121	2.000	6.454	10.176
97.000	75646.333	2.000	6.441	10.158
98.000	83021.757	2.000	6.425	10.137
99.000	91116.276	2.000	6.406	10.111
100.000	100000.000	2.000	6.383	10.080
