1.000	100.000	2.300	7.224	9.941
2.000	100.929	2.300	7.221	9.938
3.000	101.867	2.300	7.219	9.934
4.000	102.813	2.300	7.216	9.932
5.000	103.768	2.300	7.213	9.928
6.000	104.732	2.300	7.211	9.925
7.000	105.705	2.300	7.208	9.922
8.000	106.687	2.300	7.205	9.919
9.000	107.678	2.300	7.202	9.915
10.000	108.679	2.300	7.200	9.912
11.000	109.688	2.300	7.197	9.908
12.000	110.707	2.300	7.193	9.904
13.000	111.736	2.300	7.190	9.901
14.000	112.774	2.300	7.187	9.897
15.000	113.822	2.300	7.184	9.893
16.000	114.879	2.300	7.180	9.888
17.000	115.946	2.300	7.177	9.884
18.000	117.024	2.300	7.173	9.880
19.000	118.111	2.300	7.170	9.875
20.000	119.208	2.300	7.166	9.871
21.000	120.315	2.300	7.162	9.866
22.000	121.433	2.300	7.158	9.861
23.000	122.561	2.300	7.154	9.856
24.000	123.700	2.300	7.150	9.851
25.000	124.849	2.300	7.145	9.846
26.000	126.009	2.300	7.141	9.840
27.000	127.180	2.300	7.136	9.835
28.000	128.361	2.300	7.132	9.829
29.000	129.554	2.300	7.127	9.823
30.000	130.757	2.300	7.122	9.817
31.000	131.972	2.300	7.116	9.811
32.000	133.198	2.300	7.111	9.804
33.000	134.436	2.300	7.105	9.797
34.000	135.684	2.300	7.100	9.790
35.000	136.945	2.300	7.094	9.783
36.000	138.217	2.300	7.088	9.776
37.000	139.501	2.300	7.082	9.768
38.000	140.797	2.300	7.075	9.760
39.000	142.105	2.300	7.069	9.752
40.000	143.426	2.300	7.062	9.744
41.000	144.758	2.300	7.055	9.735
42.000	146.103	2.300	7.048	9.726
43.000	147.460	2.300	7.040	9.717
44.000	148.830	2.300	7.033	9.708
45.000	150.213	2.300	7.025	9.698
46.000	151.608	2.300	7.016	9.688
47.000	153.017	2.300	7.008	9.677
48.000	154.438	2.300	6.999	9.666
49.000	155.873	2.300	6.990	9.655
50.000	157.321	2.300	6.980	9.643
51.000	158.783	2.300	6.971	9.631
52.000	160.258	2.300	6.961	9.619
53.000	161.747	2.300	6.950	9.606
54.000	163.249	2.300	6.940	9.592
55.000	164.766	2.300	6.928	9.578
56.000	166.297	2.300	6.917	9.563
57.000	167.842	2.300	6.905	9.548
58.000	169.401	2.300	6.892	9.533
59.000	170.975	2.300	6.879	9.516
60.000	172.563	2.300	6.866	9.499
61.000	174.166	2.300	6.852	9.482
62.000	175.784	2.300	6.838	9.464
63.000	177.417	2.300	6.823	9.445
64.000	179.066	2.300	6.807	9.425
65.000	180.729	2.300	6.791	9.404
66.000	182.408	2.300	6.774	9.383
67.000	184.103	2.300	6.757	9.360
68.000	185.813	2.300	6.739	9.337
69.000	187.539	2.300	6.720	9.312
70.000	189.282	2.300	6.700	9.287
71.000	191.040	2.300	6.679	9.260
72.000	192.815	2.300	6.658	9.232
73.000	194.606	2.300	6.636	9.203
74.000	196.414	2.300	6.612	9.173
75.000	198.239	2.300	6.588	9.141
76.000	200.081	2.300	6.563	9.107
77.000	201.939	2.300	6.536	9.072
78.000	203.815	2.300	6.509	9.035
79.000	205.709	2.300	6.480	8.997
80.000	207.620	2.300	6.450	8.956
81.000	209.549	2.300	6.418	8.914
82.000	211.496	2.300	6.385	8.869
83.000	213.460	2.300	6.350	8.822
84.000	215.443	2.300	6.314	8.772
85.000	217.445	2.300	6.276	8.719
86.000	219.465	2.300	6.236	8.664
87.000	221.504	2.300	6.195	8.606
88.000	223.562	2.300	6.151	8.544
89.000	225.639	2.300	6.105	8.478
90.000	227.735	2.300	6.056	8.409
91.000	229.851	2.300	6.005	8.336
92.000	231.986	2.300	5.952	8.258
93.000	234.141	2.300	5.895	8.176
94.000	236.316	2.300	5.836	8.087
95.000	238.512	2.300	5.773	7.994
96.000	240.728	2.300	5.707	7.894
97.000	242.964	2.300	5.638	7.788
98.000	245.221	2.300	5.565	7.674
99.000	247.499	2.300	5.488	7.554
100.000	249.799	2.300	5.407	7.425
101.000	252.119	2.300	5.322	7.287
102.000	254.462	2.300	5.233	7.140
103.000	256.826	2.300	5.138	6.982
104.000	259.212	2.300	5.039	6.812
105.000	261.620	2.300	4.934	6.630
106.000	264.050	2.300	4.824	6.434
107.000	266.503	2.300	4.708	6.222
108.000	268.979	2.300	4.585	5.993
109.000	271.478	2.300	4.456	5.744
110.000	274.000	2.300	4.320	5.475
111.000	276.546	2.300	4.177	5.183
112.000	279.115	2.300	4.028	4.866
113.000	281.708	2.300	3.871	4.522
114.000	284.325	2.300	3.707	4.146
115.000	286.967	2.300	3.535	3.734
116.000	289.633	2.300	3.356	3.281
117.000	292.323	2.300	3.168	2.781
118.000	295.039	2.300	2.972	2.227
119.000	297.780	2.300	2.770	1.614
120.000	300.546	2.300	2.560	0.930
121.000	303.339	2.300	2.343	0.162
122.000	306.157	2.300	2.119	-0.711
123.000	309.001	2.300	1.888	-1.713
124.000	311.872	2.300	1.651	-2.879
125.000	314.769	2.300	1.410	-4.251
126.000	317.693	2.300	1.163	-5.920
127.000	320.645	2.300	0.914	-8.020
128.000	323.624	2.300	0.661	-10.827
129.000	326.630	2.300	0.409	-14.992
130.000	329.665	2.300	0.173	-22.494
131.000	332.727	2.300	0.159	-23.190
132.000	335.818	2.300	0.393	-15.353
133.000	338.938	2.300	0.644	-11.061
134.000	342.087	2.300	0.896	-8.191
135.000	345.265	2.300	1.146	-6.054
136.000	348.473	2.300	1.392	-4.362
137.000	351.710	2.300	1.633	-2.972
138.000	354.977	2.300	1.871	-1.793
139.000	358.275	2.300	2.102	-0.781
140.000	361.604	2.300	2.326	0.099
141.000	364.963	2.300	2.543	0.873
142.000	368.354	2.300	2.753	1.562
143.000	371.776	2.300	2.956	2.179
144.000	375.230	2.300	3.152	2.737
145.000	378.716	2.300	3.340	3.241
146.000	382.234	2.300	3.520	3.696
147.000	385.785	2.300	3.692	4.111
148.000	389.369	2.300	3.856	4.488
149.000	392.986	2.300	4.013	4.835
150.000	396.637	2.300	4.163	5.153
151.000	400.322	2.300	4.306	5.446
152.000	404.041	2.300	4.442	5.717
153.000	407.795	2.300	4.572	5.967
154.000	411.583	2.300	4.695	6.198
155.000	415.407	2.300	4.811	6.411
156.000	419.266	2.300	4.922	6.609
157.000	423.161	2.300	5.027	6.792
158.000	427.093	2.300	5.127	6.962
159.000	431.060	2.300	5.221	7.121
160.000	435.065	2.300	5.311	7.269
161.000	439.107	2.300	5.396	7.407
162.000	443.186	2.300	5.477	7.537
163.000	447.304	2.300	5.554	7.658
164.000	451.459	2.300	5.628	7.772
165.000	455.653	2.300	5.697	7.879
166.000	459.886	2.300	5.763	7.979
167.000	464.159	2.300	5.826	8.073
168.000	468.471	2.300	5.886	8.161
169.000	472.823	2.300	5.942	8.244
170.000	477.216	2.300	5.996	8.323
171.000	481.649	2.300	6.047	8.396
172.000	486.124	2.300	6.096	8.466
173.000	490.640	2.300	6.142	8.532
174.000	495.198	2.300	6.186	8.594
175.000	499.799	2.300	6.228	8.653
176.000	504.442	2.300	6.268	8.708
177.000	509.128	2.300	6.306	8.761
178.000	513.858	2.300	6.343	8.811
179.000	518.632	2.300	6.378	8.859
180.000	523.450	2.300	6.411	8.904
181.000	528.313	2.300	6.442	8.946
182.000	533.221	2.300	6.473	8.987
183.000	538.175	2.300	6.502	9.026
184.000	543.175	2.300	6.530	9.063
185.000	548.221	2.300	6.556	9.098
186.000	553.314	2.300	6.582	9.132
187.000	558.455	2.300	6.606	9.164
188.000	563.643	2.300	6.629	9.195
189.000	568.879	2.300	6.652	9.224
190.000	574.164	2.300	6.673	9.252
191.000	579.498	2.300	6.694	9.279
192.000	584.882	2.300	6.714	9.305
193.000	590.316	2.300	6.733	9.329
194.000	595.800	2.300	6.751	9.353
195.000	601.335	2.300	6.769	9.375
196.000	606.922	2.300	6.786	9.397
197.000	612.560	2.300	6.802	9.418
198.000	618.251	2.300	6.817	9.438
199.000	623.994	2.300	6.833	9.457
200.000	629.791	2.300	6.847	9.476
201.000	635.642	2.300	6.861	9.493
202.000	641.548	2.300	6.875	9.510
203.000	647.508	2.300	6.888	9.527
204.000	653.523	2.300	6.900	9.543
205.000	659.595	2.300	6.912	9.558
206.000	665.722	2.300	6.924	9.573
207.000	671.907	2.300	6.935	9.587
208.000	678.149	2.300	6.946	9.600
209.000	684.449	2.300	6.957	9.613
210.000	690.808	2.300	6.967	9.626
211.000	697.226	2.300	6.976	9.638
212.000	703.703	2.300	6.986	9.650
213.000	710.241	2.300	6.995	9.661
214.000	716.839	2.300	7.004	9.672
215.000	723.499	2.300	7.013	9.683
216.000	730.220	2.300	7.021	9.693
217.000	737.004	2.300	7.029	9.703
218.000	743.851	2.300	7.037	9.713
219.000	750.762	2.300	7.045	9.722
220.000	757.736	2.300	7.052	9.732
221.000	764.776	2.300	7.059	9.740
222.000	771.881	2.300	7.066	9.749
223.000	779.052	2.300	7.072	9.757
224.000	786.289	2.300	7.079	9.765
225.000	793.594	2.300	7.085	9.773
226.000	800.967	2.300	7.091	9.780
227.000	808.408	2.300	7.097	9.787
228.000	815.918	2.300	7.103	9.794
229.000	823.498	2.300	7.109	9.801
230.000	831.149	2.300	7.114	9.808
231.000	838.870	2.300	7.119	9.814
232.000	846.664	2.300	7.125	9.821
233.000	854.529	2.300	7.130	9.827
234.000	862.468	2.300	7.134	9.833
235.000	870.480	2.300	7.139	9.838
236.000	878.567	2.300	7.144	9.844
237.000	886.730	2.300	7.148	9.849
238.000	894.967	2.300	7.153	9.855
239.000	903.282	2.300	7.157	9.860
240.000	911.674	2.300	7.161	9.865
241.000	920.143	2.300	7.165	9.870
242.000	928.692	2.300	7.169	9.874
243.000	937.319	2.300	7.172	9.879
244.000	946.027	2.300	7.176	9.883
245.000	954.816	2.300	7.180	9.887
246.000	963.686	2.300	7.183	9.892
247.000	972.639	2.300	7.186	9.896
248.000	981.675	2.300	7.190	9.900
249.000	990.795	2.300	7.193	9.904
250.000	1000.000	2.300	7.196	9.907
