1.000	10.000	2.500	0.018	-42.877
2.000	10.474	2.500	0.018	-42.822
3.000	10.970	2.500	0.018	-42.765
4.000	11.490	2.500	0.018	-42.710
5.000	12.034	2.500	0.018	-42.655
6.000	12.604	2.500	0.019	-42.585
7.000	13.201	2.500	0.019	-42.512
8.000	13.826	2.500	0.019	-42.443
9.000	14.481	2.500	0.019	-42.360
10.000	15.167	2.500	0.019	-42.264
11.000	15.886	2.500	0.019	-42.162
12.000	16.638	2.500	0.020	-42.052
13.000	17.426	2.500	0.020	-41.941
14.000	18.252	2.500	0.020	-41.812
15.000	19.116	2.500	0.021	-41.680
16.000	20.022	2.500	0.021	-41.541
17.000	20.970	2.500	0.021	-41.389
18.000	21.964	2.500	0.022	-41.220
19.000	23.004	2.500	0.022	-41.041
20.000	24.094	2.500	0.023	-40.844
21.000	25.235	2.500	0.023	-40.632
22.000	26.431	2.500	0.024	-40.407
23.000	27.683	2.500	0.025	-40.169
24.000	28.994	2.500	0.025	-39.914
25.000	30.368	2.500	0.026	-39.642
26.000	31.806	2.500	0.027	-39.349
27.000	33.313	2.500	0.028	-39.036
28.000	34.891	2.500	0.029	-38.712
29.000	36.544	2.500	0.030	-38.372
30.000	38.275	2.500	0.031	-38.013
31.000	40.088	2.500	0.033	-37.639
32.000	41.987	2.500	0.034	-37.239
33.000	43.976	2.500	0.036	-36.819
34.000	46.059	2.500	0.038	-36.381
35.000	48.241	2.500	0.040	-35.927
36.000	50.526	2.500	0.042	-35.453
37.000	52.920	2.500	0.045	-34.960
38.000	55.427	2.500	0.047	-34.447
39.000	58.052	2.500	0.050	-33.912
40.000	60.802	2.500	0.054	-33.354
41.000	63.682	2.500	0.057	-32.802
42.000	66.699	2.500	0.061	-32.225
43.000	69.859	2.500	0.066	-31.631
44.000	73.168	2.500	0.070	-31.018
45.000	76.634	2.500	0.076	-30.389
46.000	80.264	2.500	0.081	-29.747
47.000	84.067	2.500	0.088	-29.088
48.000	88.049	2.500	0.095	-28.417
49.000	92.220	2.500	0.103	-27.732
50.000	96.588	2.500	0.111	-27.034
51.000	101.164	2.500	0.121	-26.324
52.000	105.956	2.500	0.131	-25.600
53.000	110.975	2.500	0.143	-24.865
54.000	116.232	2.500	0.156	-24.119
55.000	121.738	2.500	0.170	-23.360
56.000	127.505	2.500	0.186	-22.588
57.000	133.545	2.500	0.203	-21.805
58.000	139.871	2.500	0.222	-21.014
59.000	146.497	2.500	0.244	-20.212
60.000	153.437	2.500	0.268	-19.398
61.000	160.705	2.500	0.295	-18.570
62.000	168.318	2.500	0.325	-17.726
63.000	176.291	2.500	0.358	-16.872
64.000	184.642	2.500	0.396	-16.006
65.000	193.389	2.500	0.438	-15.122
66.000	202.550	2.500	0.486	-14.222
67.000	212.145	2.500	0.540	-13.307
68.000	222.195	2.500	0.602	-12.369
69.000	232.720	2.500	0.672	-11.414
70.000	243.744	2.500	0.752	-10.433
71.000	255.291	2.500	0.844	-9.427
72.000	267.384	2.500	0.951	-8.394
73.000	280.050	2.500	1.075	-7.327
74.000	293.317	2.500	1.221	-6.224
75.000	307.211	2.500	1.393	-5.079
76.000	321.764	2.500	1.597	-3.891
77.000	337.006	2.500	1.844	-2.645
78.000	352.971	2.500	2.143	-1.340
79.000	369.691	2.500	2.507	0.025
80.000	387.204	2.500	2.957	1.459
81.000	405.546	2.500	3.517	2.963
82.000	424.757	2.500	4.200	4.506
83.000	444.878	2.500	5.012	6.041
84.000	465.953	2.500	5.894	7.450
85.000	488.025	2.500	6.685	8.544
86.000	511.143	2.500	7.152	9.129
87.000	535.357	2.500	7.158	9.137
88.000	560.717	2.500	6.804	8.696
89.000	587.279	2.500	6.293	8.018
90.000	615.099	2.500	5.768	7.262
91.000	644.236	2.500	5.295	6.519
92.000	674.754	2.500	4.892	5.832
93.000	706.718	2.500	4.554	5.210
94.000	740.196	2.500	4.271	4.652
95.000	775.260	2.500	4.036	4.160
96.000	811.984	2.500	3.838	3.724
97.000	850.449	2.500	3.672	3.338
98.000	890.735	2.500	3.529	2.995
99.000	932.930	2.500	3.408	2.690
100.000	977.124	2.500	3.303	2.418
101.000	1023.411	2.500	3.211	2.175
102.000	1071.891	2.500	3.132	1.957
103.000	1122.668	2.500	3.062	1.762
104.000	1175.850	2.500	3.001	1.587
105.000	1231.551	2.500	2.947	1.430
106.000	1289.890	2.500	2.900	1.290
107.000	1350.994	2.500	2.858	1.163
108.000	1414.991	2.500	2.821	1.049
109.000	1482.021	2.500	2.788	0.946
110.000	1552.225	2.500	2.758	0.853
111.000	1625.756	2.500	2.731	0.769
112.000	1702.769	2.500	2.708	0.693
113.000	1783.431	2.500	2.686	0.624
114.000	1867.914	2.500	2.667	0.562
115.000	1956.398	2.500	2.650	0.505
116.000	2049.075	2.500	2.634	0.454
117.000	2146.141	2.500	2.620	0.408
118.000	2247.806	2.500	2.608	0.366
119.000	2354.286	2.500	2.596	0.328
120.000	2465.811	2.500	2.586	0.293
121.000	2582.619	2.500	2.577	0.262
122.000	2704.960	2.500	2.568	0.233
123.000	2833.096	2.500	2.560	0.207
124.000	2967.302	2.500	2.553	0.183
125.000	3107.866	2.500	2.547	0.162
126.000	3255.089	2.500	2.541	0.142
127.000	3409.285	2.500	2.536	0.124
128.000	3570.786	2.500	2.531	0.107
129.000	3739.937	2.500	2.527	0.092
130.000	3917.101	2.500	2.523	0.078
131.000	4102.658	2.500	2.519	0.065
132.000	4297.005	2.500	2.515	0.053
133.000	4500.558	2.500	2.512	0.042
134.000	4713.753	2.500	2.509	0.032
135.000	4937.048	2.500	2.507	0.023
136.000	5170.920	2.500	2.504	0.014
137.000	5415.871	2.500	2.502	0.007
138.000	5672.426	2.500	2.500	-0.001
139.000	5941.134	2.500	2.498	-0.007
140.000	6222.571	2.500	2.496	-0.014
141.000	6517.340	2.500	2.494	-0.020
142.000	6826.072	2.500	2.493	-0.025
143.000	7149.429	2.500	2.492	-0.029
144.000	7488.104	2.500	2.490	-0.034
145.000	7842.822	2.500	2.489	-0.038
146.000	8214.344	2.500	2.488	-0.041
147.000	8603.464	2.500	2.487	-0.045
148.000	9011.018	2.500	2.486	-0.048
149.000	9437.878	2.500	2.485	-0.051
150.000	9884.959	2.500	2.485	-0.053
151.000	10353.218	2.500	2.484	-0.055
152.000	10843.660	2.500	2.484	-0.057
153.000	11357.334	2.500	2.483	-0.058
154.000	11895.341	2.500	2.483	-0.060
155.000	12458.834	2.500	2.483	-0.060
156.000	13049.020	2.500	2.482	-0.062
157.000	13667.164	2.500	2.482	-0.063
158.000	14314.589	2.500	2.482	-0.063
159.000	14992.684	2.500	2.482	-0.064
160.000	15702.901	2.500	2.482	-0.064
161.000	16446.762	2.500	2.481	-0.065
162.000	17225.860	2.500	2.481	-0.066
163.000	18041.864	2.500	2.481	-0.066
164.000	18896.523	2.500	2.481	-0.067
165.000	19791.669	2.500	2.481	-0.067
166.000	20729.218	2.500	2.481	-0.068
167.000	21711.179	2.500	2.480	-0.068
168.000	22739.658	2.500	2.480	-0.068
169.000	23816.856	2.500	2.480	-0.069
170.000	24945.081	2.500	2.480	-0.070
171.000	26126.752	2.500	2.480	-0.070
172.000	27364.400	2.500	2.480	-0.071
173.000	28660.676	2.500	2.480	-0.071
174.000	30018.358	2.500	2.479	-0.072
175.000	31440.355	2.500	2.479	-0.072
176.000	32929.713	2.500	2.479	-0.073
177.000	34489.623	2.500	2.479	-0.074
178.000	36123.427	2.500	2.479	-0.074
179.000	37834.626	2.500	2.478	-0.075
180.000	39626.886	2.500	2.478	-0.076
181.000	41504.048	2.500	2.478	-0.076
182.000	43470.132	2.500	2.478	-0.077
183.000	45529.351	2.500	2.478	-0.078
184.000	47686.117	2.500	2.477	-0.080
185.000	49945.051	2.500	2.477	-0.080
186.000	52310.993	2.500	2.477	-0.082
187.000	54789.012	2.500	2.476	-0.083
188.000	57384.416	2.500	2.476	-0.085
189.000	60102.768	2.500	2.475	-0.087
190.000	62949.890	2.500	2.475	-0.089
191.000	65931.883	2.500	2.474	-0.091
192.000	69055.135	2.500	2.473	-0.093
193.000	72326.339	2.500	2.473	-0.096
194.000	75752.503	2.500	2.472	-0.098
195.000	79340.967	2.500	2.471	-0.102
196.000	83099.419	2.500	2.470	-0.105
197.000	87035.914	2.500	2.469	-0.108
198.000	91158.883	2.500	2.468	-0.113
199.000	95477.161	2.500	2.467	-0.117
200.000	100000.000	2.500	2.465	-0.122
