1.000	10.000	3.000	5.869	5.829
2.000	10.975	3.000	5.874	5.836
3.000	12.045	3.000	5.878	5.842
4.000	13.219	3.000	5.882	5.847
5.000	14.508	3.000	5.884	5.851
6.000	15.923	3.000	5.887	5.855
7.000	17.475	3.000	5.889	5.858
8.000	19.179	3.000	5.890	5.860
9.000	21.049	3.000	5.892	5.862
10.000	23.101	3.000	5.893	5.864
11.000	25.354	3.000	5.894	5.865
12.000	27.826	3.000	5.894	5.866
13.000	30.539	3.000	5.895	5.867
14.000	33.516	3.000	5.895	5.868
15.000	36.784	3.000	5.896	5.868
16.000	40.370	3.000	5.896	5.869
17.000	44.306	3.000	5.896	5.869
18.000	48.626	3.000	5.896	5.869
19.000	53.367	3.000	5.896	5.869
20.000	58.570	3.000	5.896	5.869
21.000	64.281	3.000	5.896	5.868
22.000	70.548	3.000	5.895	5.868
23.000	77.426	3.000	5.895	5.867
24.000	84.975	3.000	5.894	5.866
25.000	93.260	3.000	5.894	5.865
26.000	102.353	3.000	5.892	5.864
27.000	112.332	3.000	5.891	5.862
28.000	123.285	3.000	5.890	5.860
29.000	135.305	3.000	5.888	5.857
30.000	148.497	3.000	5.886	5.854
31.000	162.975	3.000	5.883	5.850
32.000	178.865	3.000	5.880	5.845
33.000	196.304	3.000	5.876	5.839
34.000	215.443	3.000	5.871	5.832
35.000	236.449	3.000	5.865	5.823
36.000	259.502	3.000	5.858	5.812
37.000	284.804	3.000	5.849	5.800
38.000	312.572	3.000	5.839	5.784
39.000	343.047	3.000	5.826	5.765
40.000	376.494	3.000	5.810	5.742
41.000	413.201	3.000	5.791	5.713
42.000	453.488	3.000	5.768	5.678
43.000	497.702	3.000	5.739	5.634
44.000	546.228	3.000	5.704	5.581
45.000	599.484	3.000	5.660	5.514
46.000	657.933	3.000	5.606	5.431
47.000	722.081	3.000	5.539	5.327
48.000	792.483	3.000	5.457	5.196
49.000	869.749	3.000	5.355	5.033
50.000	954.548	3.000	5.230	4.827
51.000	1047.616	3.000	5.077	4.571
52.000	1149.757	3.000	4.893	4.250
53.000	1261.857	3.000	4.674	3.852
54.000	1384.886	3.000	4.419	3.363
55.000	1519.911	3.000	4.129	2.773
56.000	1668.101	3.000	3.810	2.076
57.000	1830.738	3.000	3.470	1.265
58.000	2009.233	3.000	3.118	0.336
59.000	2205.131	3.000	2.767	-0.702
60.000	2420.128	3.000	2.429	-1.835
61.000	2656.088	3.000	2.110	-3.057
62.000	2915.053	3.000	1.816	-4.359
63.000	3199.267	3.000	1.552	-5.725
64.000	3511.192	3.000	1.319	-7.135
65.000	3853.529	3.000	1.116	-8.591
66.000	4229.243	3.000	0.940	-10.082
67.000	4641.589	3.000	0.789	-11.599
68.000	5094.138	3.000	0.661	-13.139
69.000	5590.810	3.000	0.552	-14.696
70.000	6135.907	3.000	0.461	-16.266
71.000	6734.151	3.000	0.384	-17.852
72.000	7390.722	3.000	0.320	-19.447
73.000	8111.308	3.000	0.266	-21.056
74.000	8902.151	3.000	0.221	-22.668
75.000	9770.100	3.000	0.183	-24.297
76.000	10722.672	3.000	0.151	-25.937
77.000	11768.120	3.000	0.125	-27.583
78.000	12915.497	3.000	0.103	-29.247
79.000	14174.742	3.000	0.085	-30.925
80.000	15556.761	3.000	0.070	-32.624
81.000	17073.526	3.000	0.058	-34.344
82.000	18738.174	3.000	0.047	-36.091
83.000	20565.123	3.000	0.038	-37.872
84.000	22570.197	3.000	0.031	-39.693
85.000	24770.764	3.000	0.025	-41.564
86.000	27185.882	3.000	0.020	-43.493
87.000	29836.472	3.000	0.016	-45.505
88.000	32745.492	3.000	0.012	-47.607
89.000	35938.137	3.000	0.010	-49.815
90.000	39442.061	3.000	0.007	-52.158
91.000	43287.613	3.000	0.006	-54.679
92.000	47508.102	3.000	0.004	-57.151
93.000	52140.083	3.000	0.003	-59.404
94.000	57223.677	3.000	0.003	-60.855
95.000	62802.914	3.000	0.003	-61.125
96.000	68926.121	3.000	0.003	-60.513
97.000	75646.333	3.000	0.003	-59.631
98.000	83021.757	3.000	0.003	-58.792
99.000	91116.276	3.000	0.004	-58.005
100.000	100000.000	3.000	0.004	-57.458
