1.000	10.000	3.000	9.418	9.936
2.000	16.238	3.000	9.448	9.964
3.000	26.367	3.000	9.459	9.974
4.000	42.813	3.000	9.463	9.978
5.000	69.519	3.000	9.463	9.978
6.000	112.884	3.000	9.461	9.976
7.000	183.298	3.000	9.455	9.971
8.000	297.635	3.000	9.443	9.960
9.000	483.293	3.000	9.416	9.934
10.000	784.760	3.000	9.365	9.887
11.000	1274.275	3.000	9.297	9.824
12.000	2069.138	3.000	9.256	9.786
13.000	3359.818	3.000	9.281	9.810
14.000	5455.595	3.000	9.335	9.860
15.000	8858.668	3.000	9.380	9.902
16.000	14384.499	3.000	9.414	9.933
17.000	23357.215	3.000	9.429	9.947
18.000	37926.902	3.000	9.415	9.934
19.000	61584.821	3.000	9.347	9.871
20.000	100000.000	3.000	9.147	9.684
