1.000	10.000	5.000	0.009	-55.300
2.000	10.975	5.000	0.009	-55.327
3.000	12.045	5.000	0.009	-55.370
4.000	13.219	5.000	0.008	-55.440
5.000	14.508	5.000	0.008	-55.561
6.000	15.923	5.000	0.008	-55.726
7.000	17.475	5.000	0.008	-55.938
8.000	19.179	5.000	0.008	-56.201
9.000	21.049	5.000	0.007	-56.532
10.000	23.101	5.000	0.007	-56.945
11.000	25.354	5.000	0.007	-57.472
12.000	27.826	5.000	0.006	-58.129
13.000	30.539	5.000	0.006	-58.939
14.000	33.516	5.000	0.005	-59.926
15.000	36.784	5.000	0.004	-61.085
16.000	40.370	5.000	0.004	-62.189
17.000	44.306	5.000	0.004	-62.520
18.000	48.626	5.000	0.004	-61.255
19.000	53.367	5.000	0.006	-58.769
20.000	58.570	5.000	0.008	-55.924
21.000	64.281	5.000	0.011	-53.212
22.000	70.548	5.000	0.015	-50.699
23.000	77.426	5.000	0.019	-48.360
24.000	84.975	5.000	0.025	-46.176
25.000	93.260	5.000	0.031	-44.115
26.000	102.353	5.000	0.039	-42.148
27.000	112.332	5.000	0.049	-40.254
28.000	123.285	5.000	0.060	-38.425
29.000	135.305	5.000	0.074	-36.650
30.000	148.497	5.000	0.090	-34.918
31.000	162.975	5.000	0.109	-33.226
32.000	178.865	5.000	0.132	-31.570
33.000	196.304	5.000	0.159	-29.947
34.000	215.443	5.000	0.191	-28.353
35.000	236.449	5.000	0.229	-26.797
36.000	259.502	5.000	0.272	-25.278
37.000	284.804	5.000	0.323	-23.789
38.000	312.572	5.000	0.382	-22.344
39.000	343.047	5.000	0.449	-20.939
40.000	376.494	5.000	0.525	-19.584
41.000	413.201	5.000	0.609	-18.280
42.000	453.488	5.000	0.703	-17.037
43.000	497.702	5.000	0.805	-15.860
44.000	546.228	5.000	0.915	-14.752
45.000	599.484	5.000	1.030	-13.721
46.000	657.933	5.000	1.150	-12.769
47.000	722.081	5.000	1.271	-11.900
48.000	792.483	5.000	1.391	-11.115
49.000	869.749	5.000	1.508	-10.413
50.000	954.548	5.000	1.619	-9.792
51.000	1047.616	5.000	1.725	-9.246
52.000	1149.757	5.000	1.822	-8.769
53.000	1261.857	5.000	1.910	-8.357
54.000	1384.886	5.000	1.990	-8.004
55.000	1519.911	5.000	2.060	-7.704
56.000	1668.101	5.000	2.121	-7.449
57.000	1830.738	5.000	2.174	-7.233
58.000	2009.233	5.000	2.221	-7.050
59.000	2205.131	5.000	2.260	-6.897
60.000	2420.128	5.000	2.294	-6.768
61.000	2656.088	5.000	2.323	-6.659
62.000	2915.053	5.000	2.347	-6.569
63.000	3199.267	5.000	2.367	-6.494
64.000	3511.192	5.000	2.385	-6.431
65.000	3853.529	5.000	2.399	-6.379
66.000	4229.243	5.000	2.411	-6.336
67.000	4641.589	5.000	2.421	-6.301
68.000	5094.138	5.000	2.429	-6.272
69.000	5590.810	5.000	2.435	-6.248
70.000	6135.907	5.000	2.441	-6.228
71.000	6734.151	5.000	2.446	-6.212
72.000	7390.722	5.000	2.449	-6.198
73.000	8111.308	5.000	2.453	-6.187
74.000	8902.151	5.000	2.455	-6.177
75.000	9770.100	5.000	2.458	-6.169
76.000	10722.672	5.000	2.460	-6.161
77.000	11768.120	5.000	2.462	-6.155
78.000	12915.497	5.000	2.463	-6.149
79.000	14174.742	5.000	2.465	-6.143
80.000	15556.761	5.000	2.466	-6.139
81.000	17073.526	5.000	2.467	-6.135
82.000	18738.174	5.000	2.468	-6.131
83.000	20565.123	5.000	2.469	-6.129
84.000	22570.197	5.000	2.470	-6.126
85.000	24770.764	5.000	2.471	-6.124
86.000	27185.882	5.000	2.471	-6.122
87.000	29836.472	5.000	2.472	-6.120
88.000	32745.492	5.000	2.472	-6.118
89.000	35938.137	5.000	2.473	-6.116
90.000	39442.061	5.000	2.473	-6.115
91.000	43287.613	5.000	2.474	-6.113
92.000	47508.102	5.000	2.474	-6.112
93.000	52140.083	5.000	2.474	-6.110
94.000	57223.677	5.000	2.475	-6.108
95.000	62802.914	5.000	2.475	-6.107
96.000	68926.121	5.000	2.476	-6.105
97.000	75646.333	5.000	2.477	-6.102
98.000	83021.757	5.000	2.477	-6.100
99.000	91116.276	5.000	2.478	-6.097
100.000	100000.000	5.000	2.479	-6.093
