1.000	10.000	5.000	0.069	-37.149
2.000	10.975	5.000	0.076	-36.336
3.000	12.045	5.000	0.084	-35.524
4.000	13.219	5.000	0.092	-34.712
5.000	14.508	5.000	0.101	-33.901
6.000	15.923	5.000	0.111	-33.091
7.000	17.475	5.000	0.122	-32.281
8.000	19.179	5.000	0.133	-31.471
9.000	21.049	5.000	0.146	-30.665
10.000	23.101	5.000	0.161	-29.857
11.000	25.354	5.000	0.176	-29.047
12.000	27.826	5.000	0.194	-28.236
13.000	30.539	5.000	0.213	-27.428
14.000	33.516	5.000	0.233	-26.621
15.000	36.784	5.000	0.256	-25.815
16.000	40.370	5.000	0.281	-25.009
17.000	44.306	5.000	0.308	-24.199
18.000	48.626	5.000	0.338	-23.390
19.000	53.367	5.000	0.371	-22.584
20.000	58.570	5.000	0.407	-21.778
21.000	64.281	5.000	0.447	-20.969
22.000	70.548	5.000	0.491	-20.161
23.000	77.426	5.000	0.538	-19.356
24.000	84.975	5.000	0.591	-18.547
25.000	93.260	5.000	0.649	-17.741
26.000	102.353	5.000	0.712	-16.933
27.000	112.332	5.000	0.781	-16.127
28.000	123.285	5.000	0.857	-15.319
29.000	135.305	5.000	0.940	-14.513
30.000	148.497	5.000	1.032	-13.707
31.000	162.975	5.000	1.132	-12.900
32.000	178.865	5.000	1.242	-12.094
33.000	196.304	5.000	1.363	-11.289
34.000	215.443	5.000	1.495	-10.489
35.000	236.449	5.000	1.639	-9.688
36.000	259.502	5.000	1.798	-8.885
37.000	284.804	5.000	1.971	-8.085
38.000	312.572	5.000	2.160	-7.292
39.000	343.047	5.000	2.364	-6.506
40.000	376.494	5.000	2.585	-5.730
41.000	413.201	5.000	2.823	-4.964
42.000	453.488	5.000	3.078	-4.213
43.000	497.702	5.000	3.347	-3.485
44.000	546.228	5.000	3.625	-2.794
45.000	599.484	5.000	3.903	-2.151
46.000	657.933	5.000	4.174	-1.568
47.000	722.081	5.000	4.423	-1.064
48.000	792.483	5.000	4.633	-0.663
49.000	869.749	5.000	4.783	-0.385
50.000	954.548	5.000	4.860	-0.246
51.000	1047.616	5.000	4.856	-0.254
52.000	1149.757	5.000	4.770	-0.409
53.000	1261.857	5.000	4.613	-0.701
54.000	1384.886	5.000	4.398	-1.114
55.000	1519.911	5.000	4.147	-1.626
56.000	1668.101	5.000	3.875	-2.214
57.000	1830.738	5.000	3.597	-2.862
58.000	2009.233	5.000	3.321	-3.555
59.000	2205.131	5.000	3.054	-4.283
60.000	2420.128	5.000	2.801	-5.033
61.000	2656.088	5.000	2.565	-5.797
62.000	2915.053	5.000	2.346	-6.572
63.000	3199.267	5.000	2.144	-7.356
64.000	3511.192	5.000	1.957	-8.147
65.000	3853.529	5.000	1.785	-8.945
66.000	4229.243	5.000	1.628	-9.746
67.000	4641.589	5.000	1.485	-10.546
68.000	5094.138	5.000	1.355	-11.343
69.000	5590.810	5.000	1.235	-12.146
70.000	6135.907	5.000	1.126	-12.949
71.000	6734.151	5.000	1.026	-13.753
72.000	7390.722	5.000	0.936	-14.557
73.000	8111.308	5.000	0.853	-15.359
74.000	8902.151	5.000	0.778	-16.162
75.000	9770.100	5.000	0.709	-16.963
76.000	10722.672	5.000	0.647	-17.766
77.000	11768.120	5.000	0.590	-18.565
78.000	12915.497	5.000	0.538	-19.367
79.000	14174.742	5.000	0.491	-20.165
80.000	15556.761	5.000	0.447	-20.964
81.000	17073.526	5.000	0.408	-21.765
82.000	18738.174	5.000	0.372	-22.561
83.000	20565.123	5.000	0.340	-23.357
84.000	22570.197	5.000	0.310	-24.155
85.000	24770.764	5.000	0.283	-24.952
86.000	27185.882	5.000	0.258	-25.745
87.000	29836.472	5.000	0.236	-26.536
88.000	32745.492	5.000	0.215	-27.326
89.000	35938.137	5.000	0.196	-28.116
90.000	39442.061	5.000	0.179	-28.906
91.000	43287.613	5.000	0.164	-29.694
92.000	47508.102	5.000	0.150	-30.476
93.000	52140.083	5.000	0.137	-31.244
94.000	57223.677	5.000	0.125	-32.018
95.000	62802.914	5.000	0.115	-32.787
96.000	68926.121	5.000	0.105	-33.551
97.000	75646.333	5.000	0.096	-34.306
98.000	83021.757	5.000	0.088	-35.055
99.000	91116.276	5.000	0.081	-35.796
100.000	100000.000	5.000	0.075	-36.523
