1.000	10.000	1.800	0.123	-23.328
2.000	10.975	1.800	0.135	-22.517
3.000	12.045	1.800	0.148	-21.705
4.000	13.219	1.800	0.162	-20.892
5.000	14.508	1.800	0.178	-20.080
6.000	15.923	1.800	0.196	-19.270
7.000	17.475	1.800	0.215	-18.460
8.000	19.179	1.800	0.236	-17.652
9.000	21.049	1.800	0.259	-16.844
10.000	23.101	1.800	0.284	-16.037
11.000	25.354	1.800	0.312	-15.228
12.000	27.826	1.800	0.342	-14.420
13.000	30.539	1.800	0.375	-13.614
14.000	33.516	1.800	0.412	-12.808
15.000	36.784	1.800	0.452	-12.002
16.000	40.370	1.800	0.496	-11.196
17.000	44.306	1.800	0.544	-10.392
18.000	48.626	1.800	0.597	-9.586
19.000	53.367	1.800	0.655	-8.784
20.000	58.570	1.800	0.718	-7.981
21.000	64.281	1.800	0.788	-7.179
22.000	70.548	1.800	0.864	-6.378
23.000	77.426	1.800	0.947	-5.580
24.000	84.975	1.800	1.038	-4.783
25.000	93.260	1.800	1.137	-3.988
26.000	102.353	1.800	1.246	-3.195
27.000	112.332	1.800	1.365	-2.406
28.000	123.285	1.800	1.493	-1.624
29.000	135.305	1.800	1.633	-0.843
30.000	148.497	1.800	1.787	-0.065
31.000	162.975	1.800	1.953	0.708
32.000	178.865	1.800	2.132	1.471
33.000	196.304	1.800	2.325	2.224
34.000	215.443	1.800	2.533	2.966
35.000	236.449	1.800	2.755	3.698
36.000	259.502	1.800	2.993	4.416
37.000	284.804	1.800	3.246	5.122
38.000	312.572	1.800	3.512	5.807
39.000	343.047	1.800	3.791	6.469
40.000	376.494	1.800	4.080	7.107
41.000	413.201	1.800	4.378	7.720
42.000	453.488	1.800	4.682	8.303
43.000	497.702	1.800	4.987	8.851
44.000	546.228	1.800	5.288	9.361
45.000	599.484	1.800	5.584	9.833
46.000	657.933	1.800	5.868	10.264
47.000	722.081	1.800	6.134	10.649
48.000	792.483	1.800	6.377	10.987
49.000	869.749	1.800	6.593	11.276
50.000	954.548	1.800	6.779	11.518
51.000	1047.616	1.800	6.931	11.711
52.000	1149.757	1.800	7.046	11.854
53.000	1261.857	1.800	7.122	11.947
54.000	1384.886	1.800	7.158	11.990
55.000	1519.911	1.800	7.153	11.984
56.000	1668.101	1.800	7.106	11.927
57.000	1830.738	1.800	7.020	11.821
58.000	2009.233	1.800	6.895	11.665
59.000	2205.131	1.800	6.734	11.460
60.000	2420.128	1.800	6.540	11.206
61.000	2656.088	1.800	6.317	10.904
62.000	2915.053	1.800	6.068	10.555
63.000	3199.267	1.800	5.797	10.158
64.000	3511.192	1.800	5.510	9.717
65.000	3853.529	1.800	5.213	9.236
66.000	4229.243	1.800	4.911	8.717
67.000	4641.589	1.800	4.606	8.161
68.000	5094.138	1.800	4.303	7.571
69.000	5590.810	1.800	4.008	6.953
70.000	6135.907	1.800	3.722	6.311
71.000	6734.151	1.800	3.448	5.646
72.000	7390.722	1.800	3.186	4.958
73.000	8111.308	1.800	2.937	4.252
74.000	8902.151	1.800	2.704	3.534
75.000	9770.100	1.800	2.486	2.805
76.000	10722.672	1.800	2.283	2.065
77.000	11768.120	1.800	2.094	1.316
78.000	12915.497	1.800	1.919	0.557
79.000	14174.742	1.800	1.757	-0.211
80.000	15556.761	1.800	1.607	-0.983
81.000	17073.526	1.800	1.470	-1.757
82.000	18738.174	1.800	1.345	-2.530
83.000	20565.123	1.800	1.229	-3.312
84.000	22570.197	1.800	1.123	-4.096
85.000	24770.764	1.800	1.026	-4.882
86.000	27185.882	1.800	0.937	-5.670
87.000	29836.472	1.800	0.856	-6.458
88.000	32745.492	1.800	0.781	-7.248
89.000	35938.137	1.800	0.714	-8.037
90.000	39442.061	1.800	0.651	-8.828
91.000	43287.613	1.800	0.595	-9.616
92.000	47508.102	1.800	0.543	-10.406
93.000	52140.083	1.800	0.496	-11.192
94.000	57223.677	1.800	0.453	-11.978
95.000	62802.914	1.800	0.414	-12.764
96.000	68926.121	1.800	0.378	-13.545
97.000	75646.333	1.800	0.346	-14.323
98.000	83021.757	1.800	0.316	-15.100
99.000	91116.276	1.800	0.289	-15.874
100.000	100000.000	1.800	0.265	-16.640
