1.000	10.000	5.000	0.096	-34.340
2.000	10.975	5.000	0.105	-33.525
3.000	12.045	5.000	0.116	-32.711
4.000	13.219	5.000	0.127	-31.899
5.000	14.508	5.000	0.140	-31.088
6.000	15.923	5.000	0.153	-30.278
7.000	17.475	5.000	0.168	-29.468
8.000	19.179	5.000	0.185	-28.657
9.000	21.049	5.000	0.203	-27.848
10.000	23.101	5.000	0.222	-27.040
11.000	25.354	5.000	0.244	-26.233
12.000	27.826	5.000	0.268	-25.428
13.000	30.539	5.000	0.294	-24.621
14.000	33.516	5.000	0.322	-23.812
15.000	36.784	5.000	0.354	-23.006
16.000	40.370	5.000	0.388	-22.202
17.000	44.306	5.000	0.426	-21.397
18.000	48.626	5.000	0.467	-20.591
19.000	53.367	5.000	0.512	-19.788
20.000	58.570	5.000	0.562	-18.985
21.000	64.281	5.000	0.616	-18.183
22.000	70.548	5.000	0.676	-17.383
23.000	77.426	5.000	0.741	-16.582
24.000	84.975	5.000	0.812	-15.785
25.000	93.260	5.000	0.890	-14.988
26.000	102.353	5.000	0.976	-14.194
27.000	112.332	5.000	1.068	-13.404
28.000	123.285	5.000	1.170	-12.617
29.000	135.305	5.000	1.280	-11.833
30.000	148.497	5.000	1.400	-11.054
31.000	162.975	5.000	1.530	-10.284
32.000	178.865	5.000	1.671	-9.519
33.000	196.304	5.000	1.824	-8.759
34.000	215.443	5.000	1.989	-8.008
35.000	236.449	5.000	2.164	-7.273
36.000	259.502	5.000	2.352	-6.552
37.000	284.804	5.000	2.550	-5.849
38.000	312.572	5.000	2.759	-5.164
39.000	343.047	5.000	2.978	-4.502
40.000	376.494	5.000	3.205	-3.863
41.000	413.201	5.000	3.436	-3.259
42.000	453.488	5.000	3.668	-2.692
43.000	497.702	5.000	3.896	-2.168
44.000	546.228	5.000	4.115	-1.691
45.000	599.484	5.000	4.321	-1.268
46.000	657.933	5.000	4.506	-0.903
47.000	722.081	5.000	4.663	-0.606
48.000	792.483	5.000	4.785	-0.381
49.000	869.749	5.000	4.868	-0.232
50.000	954.548	5.000	4.908	-0.161
51.000	1047.616	5.000	4.902	-0.171
52.000	1149.757	5.000	4.852	-0.261
53.000	1261.857	5.000	4.760	-0.428
54.000	1384.886	5.000	4.629	-0.670
55.000	1519.911	5.000	4.465	-0.983
56.000	1668.101	5.000	4.275	-1.361
57.000	1830.738	5.000	4.066	-1.796
58.000	2009.233	5.000	3.845	-2.282
59.000	2205.131	5.000	3.616	-2.814
60.000	2420.128	5.000	3.385	-3.388
61.000	2656.088	5.000	3.155	-3.998
62.000	2915.053	5.000	2.931	-4.640
63.000	3199.267	5.000	2.714	-5.306
64.000	3511.192	5.000	2.508	-5.992
65.000	3853.529	5.000	2.313	-6.697
66.000	4229.243	5.000	2.128	-7.419
67.000	4641.589	5.000	1.955	-8.156
68.000	5094.138	5.000	1.793	-8.906
69.000	5590.810	5.000	1.643	-9.665
70.000	6135.907	5.000	1.505	-10.429
71.000	6734.151	5.000	1.377	-11.198
72.000	7390.722	5.000	1.260	-11.974
73.000	8111.308	5.000	1.151	-12.755
74.000	8902.151	5.000	1.052	-13.540
75.000	9770.100	5.000	0.961	-14.326
76.000	10722.672	5.000	0.878	-15.114
77.000	11768.120	5.000	0.801	-15.905
78.000	12915.497	5.000	0.732	-16.695
79.000	14174.742	5.000	0.668	-17.489
80.000	15556.761	5.000	0.609	-18.281
81.000	17073.526	5.000	0.556	-19.077
82.000	18738.174	5.000	0.508	-19.870
83.000	20565.123	5.000	0.463	-20.664
84.000	22570.197	5.000	0.423	-21.461
85.000	24770.764	5.000	0.386	-22.255
86.000	27185.882	5.000	0.352	-23.048
87.000	29836.472	5.000	0.321	-23.842
88.000	32745.492	5.000	0.293	-24.639
89.000	35938.137	5.000	0.268	-25.431
90.000	39442.061	5.000	0.244	-26.220
91.000	43287.613	5.000	0.223	-27.008
92.000	47508.102	5.000	0.204	-27.795
93.000	52140.083	5.000	0.186	-28.583
94.000	57223.677	5.000	0.170	-29.370
95.000	62802.914	5.000	0.155	-30.152
96.000	68926.121	5.000	0.142	-30.929
97.000	75646.333	5.000	0.130	-31.687
98.000	83021.757	5.000	0.119	-32.452
99.000	91116.276	5.000	0.109	-33.209
100.000	100000.000	5.000	0.100	-33.958
