1.000	10.000	3.000	5.771	5.682
2.000	10.975	3.000	5.777	5.691
3.000	12.045	3.000	5.781	5.698
4.000	13.219	3.000	5.784	5.703
5.000	14.508	3.000	5.787	5.707
6.000	15.923	3.000	5.788	5.709
7.000	17.475	3.000	5.789	5.709
8.000	19.179	3.000	5.790	5.710
9.000	21.049	3.000	5.790	5.711
10.000	23.101	3.000	5.791	5.712
11.000	25.354	3.000	5.791	5.712
12.000	27.826	3.000	5.791	5.713
13.000	30.539	3.000	5.791	5.712
14.000	33.516	3.000	5.790	5.711
15.000	36.784	3.000	5.789	5.709
16.000	40.370	3.000	5.787	5.707
17.000	44.306	3.000	5.786	5.705
18.000	48.626	3.000	5.784	5.702
19.000	53.367	3.000	5.782	5.699
20.000	58.570	3.000	5.779	5.695
21.000	64.281	3.000	5.775	5.689
22.000	70.548	3.000	5.771	5.683
23.000	77.426	3.000	5.766	5.675
24.000	84.975	3.000	5.760	5.665
25.000	93.260	3.000	5.752	5.654
26.000	102.353	3.000	5.743	5.640
27.000	112.332	3.000	5.732	5.623
28.000	123.285	3.000	5.718	5.603
29.000	135.305	3.000	5.703	5.579
30.000	148.497	3.000	5.684	5.550
31.000	162.975	3.000	5.661	5.516
32.000	178.865	3.000	5.634	5.474
33.000	196.304	3.000	5.602	5.424
34.000	215.443	3.000	5.564	5.365
35.000	236.449	3.000	5.519	5.295
36.000	259.502	3.000	5.465	5.210
37.000	284.804	3.000	5.402	5.109
38.000	312.572	3.000	5.327	4.988
39.000	343.047	3.000	5.240	4.844
40.000	376.494	3.000	5.138	4.674
41.000	413.201	3.000	5.020	4.472
42.000	453.488	3.000	4.884	4.234
43.000	497.702	3.000	4.729	3.953
44.000	546.228	3.000	4.553	3.624
45.000	599.484	3.000	4.356	3.239
46.000	657.933	3.000	4.139	2.795
47.000	722.081	3.000	3.903	2.286
48.000	792.483	3.000	3.651	1.706
49.000	869.749	3.000	3.386	1.050
50.000	954.548	3.000	3.110	0.313
51.000	1047.616	3.000	2.831	-0.504
52.000	1149.757	3.000	2.554	-1.398
53.000	1261.857	3.000	2.284	-2.369
54.000	1384.886	3.000	2.024	-3.416
55.000	1519.911	3.000	1.779	-4.538
56.000	1668.101	3.000	1.552	-5.722
57.000	1830.738	3.000	1.346	-6.961
58.000	2009.233	3.000	1.160	-8.255
59.000	2205.131	3.000	0.994	-9.596
60.000	2420.128	3.000	0.848	-10.977
61.000	2656.088	3.000	0.720	-12.393
62.000	2915.053	3.000	0.610	-13.840
63.000	3199.267	3.000	0.515	-15.314
64.000	3511.192	3.000	0.433	-16.810
65.000	3853.529	3.000	0.364	-18.324
66.000	4229.243	3.000	0.305	-19.859
67.000	4641.589	3.000	0.255	-21.405
68.000	5094.138	3.000	0.213	-22.960
69.000	5590.810	3.000	0.178	-24.533
70.000	6135.907	3.000	0.148	-26.113
71.000	6734.151	3.000	0.124	-27.699
72.000	7390.722	3.000	0.103	-29.297
73.000	8111.308	3.000	0.086	-30.898
74.000	8902.151	3.000	0.071	-32.507
75.000	9770.100	3.000	0.059	-34.119
76.000	10722.672	3.000	0.049	-35.742
77.000	11768.120	3.000	0.041	-37.371
78.000	12915.497	3.000	0.034	-38.993
79.000	14174.742	3.000	0.028	-40.617
80.000	15556.761	3.000	0.023	-42.240
81.000	17073.526	3.000	0.019	-43.886
82.000	18738.174	3.000	0.016	-45.543
83.000	20565.123	3.000	0.013	-47.190
84.000	22570.197	3.000	0.011	-48.849
85.000	24770.764	3.000	0.009	-50.537
86.000	27185.882	3.000	0.007	-52.243
87.000	29836.472	3.000	0.006	-53.952
88.000	32745.492	3.000	0.005	-55.621
89.000	35938.137	3.000	0.004	-57.243
90.000	39442.061	3.000	0.003	-58.744
91.000	43287.613	3.000	0.003	-60.175
92.000	47508.102	3.000	0.003	-61.455
93.000	52140.083	3.000	0.002	-62.633
94.000	57223.677	3.000	0.002	-63.578
95.000	62802.914	3.000	0.002	-64.220
96.000	68926.121	3.000	0.002	-64.401
97.000	75646.333	3.000	0.002	-64.310
98.000	83021.757	3.000	0.002	-64.034
99.000	91116.276	3.000	0.002	-63.648
100.000	100000.000	3.000	0.002	-63.186
