1.000	10.000	1.500	7.242	13.676
2.000	10.975	1.500	7.249	13.684
3.000	12.045	1.500	7.254	13.690
4.000	13.219	1.500	7.258	13.695
5.000	14.508	1.500	7.262	13.699
6.000	15.923	1.500	7.264	13.702
7.000	17.475	1.500	7.266	13.705
8.000	19.179	1.500	7.268	13.707
9.000	21.049	1.500	7.269	13.708
10.000	23.101	1.500	7.270	13.709
11.000	25.354	1.500	7.271	13.710
12.000	27.826	1.500	7.271	13.710
13.000	30.539	1.500	7.271	13.710
14.000	33.516	1.500	7.271	13.710
15.000	36.784	1.500	7.270	13.709
16.000	40.370	1.500	7.269	13.708
17.000	44.306	1.500	7.268	13.706
18.000	48.626	1.500	7.266	13.704
19.000	53.367	1.500	7.263	13.701
20.000	58.570	1.500	7.260	13.697
21.000	64.281	1.500	7.257	13.693
22.000	70.548	1.500	7.252	13.687
23.000	77.426	1.500	7.246	13.680
24.000	84.975	1.500	7.239	13.672
25.000	93.260	1.500	7.231	13.662
26.000	102.353	1.500	7.221	13.650
27.000	112.332	1.500	7.209	13.635
28.000	123.285	1.500	7.194	13.617
29.000	135.305	1.500	7.176	13.596
30.000	148.497	1.500	7.155	13.571
31.000	162.975	1.500	7.130	13.540
32.000	178.865	1.500	7.100	13.503
33.000	196.304	1.500	7.063	13.458
34.000	215.443	1.500	7.020	13.405
35.000	236.449	1.500	6.968	13.341
36.000	259.502	1.500	6.907	13.264
37.000	284.804	1.500	6.834	13.171
38.000	312.572	1.500	6.748	13.061
39.000	343.047	1.500	6.647	12.930
40.000	376.494	1.500	6.528	12.773
41.000	413.201	1.500	6.390	12.588
42.000	453.488	1.500	6.229	12.367
43.000	497.702	1.500	6.044	12.105
44.000	546.228	1.500	5.833	11.796
45.000	599.484	1.500	5.594	11.432
46.000	657.933	1.500	5.328	11.010
47.000	722.081	1.500	5.037	10.522
48.000	792.483	1.500	4.722	9.961
49.000	869.749	1.500	4.387	9.321
50.000	954.548	1.500	4.038	8.601
51.000	1047.616	1.500	3.682	7.800
52.000	1149.757	1.500	3.326	6.916
53.000	1261.857	1.500	2.974	5.945
54.000	1384.886	1.500	2.637	4.900
55.000	1519.911	1.500	2.319	3.785
56.000	1668.101	1.500	2.023	2.600
57.000	1830.738	1.500	1.752	1.348
58.000	2009.233	1.500	1.508	0.044
59.000	2205.131	1.500	1.291	-1.303
60.000	2420.128	1.500	1.100	-2.697
61.000	2656.088	1.500	0.932	-4.129
62.000	2915.053	1.500	0.788	-5.594
63.000	3199.267	1.500	0.663	-7.088
64.000	3511.192	1.500	0.557	-8.607
65.000	3853.529	1.500	0.466	-10.147
66.000	4229.243	1.500	0.389	-11.712
67.000	4641.589	1.500	0.325	-13.294
68.000	5094.138	1.500	0.270	-14.899
69.000	5590.810	1.500	0.224	-16.516
70.000	6135.907	1.500	0.185	-18.159
71.000	6734.151	1.500	0.153	-19.825
72.000	7390.722	1.500	0.126	-21.507
73.000	8111.308	1.500	0.104	-23.220
74.000	8902.151	1.500	0.085	-24.963
75.000	9770.100	1.500	0.069	-26.745
76.000	10722.672	1.500	0.056	-28.571
77.000	11768.120	1.500	0.045	-30.452
78.000	12915.497	1.500	0.036	-32.404
79.000	14174.742	1.500	0.028	-34.449
80.000	15556.761	1.500	0.022	-36.607
81.000	17073.526	1.500	0.017	-38.930
82.000	18738.174	1.500	0.013	-41.460
83.000	20565.123	1.500	0.009	-44.281
84.000	22570.197	1.500	0.006	-47.510
85.000	24770.764	1.500	0.004	-51.105
86.000	27185.882	1.500	0.003	-54.312
87.000	29836.472	1.500	0.003	-54.835
88.000	32745.492	1.500	0.003	-53.074
89.000	35938.137	1.500	0.004	-51.151
90.000	39442.061	1.500	0.005	-49.639
91.000	43287.613	1.500	0.006	-48.503
92.000	47508.102	1.500	0.006	-47.608
93.000	52140.083	1.500	0.007	-46.928
94.000	57223.677	1.500	0.007	-46.408
95.000	62802.914	1.500	0.008	-46.006
96.000	68926.121	1.500	0.008	-45.704
97.000	75646.333	1.500	0.008	-45.469
98.000	83021.757	1.500	0.008	-45.299
99.000	91116.276	1.500	0.008	-45.178
100.000	100000.000	1.500	0.008	-45.102
