1.000	500.000	2.000	0.426	-13.439
2.000	507.015	2.000	0.432	-13.302
3.000	514.129	2.000	0.439	-13.164
4.000	521.342	2.000	0.446	-13.026
5.000	528.656	2.000	0.454	-12.888
6.000	536.073	2.000	0.461	-12.749
7.000	543.595	2.000	0.468	-12.610
8.000	551.221	2.000	0.476	-12.471
9.000	558.955	2.000	0.484	-12.331
10.000	566.797	2.000	0.491	-12.191
11.000	574.749	2.000	0.499	-12.050
12.000	582.813	2.000	0.508	-11.909
13.000	590.990	2.000	0.516	-11.767
14.000	599.282	2.000	0.525	-11.624
15.000	607.690	2.000	0.533	-11.480
16.000	616.216	2.000	0.542	-11.336
17.000	624.861	2.000	0.551	-11.191
18.000	633.628	2.000	0.561	-11.045
19.000	642.518	2.000	0.570	-10.897
20.000	651.533	2.000	0.580	-10.749
21.000	660.674	2.000	0.590	-10.600
22.000	669.943	2.000	0.600	-10.451
23.000	679.343	2.000	0.611	-10.301
24.000	688.874	2.000	0.622	-10.150
25.000	698.539	2.000	0.633	-9.999
26.000	708.339	2.000	0.644	-9.844
27.000	718.277	2.000	0.655	-9.692
28.000	728.355	2.000	0.667	-9.538
29.000	738.574	2.000	0.679	-9.382
30.000	748.936	2.000	0.692	-9.224
31.000	759.444	2.000	0.704	-9.065
32.000	770.099	2.000	0.717	-8.904
33.000	780.903	2.000	0.731	-8.743
34.000	791.860	2.000	0.745	-8.581
35.000	802.969	2.000	0.759	-8.418
36.000	814.235	2.000	0.773	-8.254
37.000	825.659	2.000	0.788	-8.087
38.000	837.243	2.000	0.804	-7.920
39.000	848.990	2.000	0.819	-7.750
40.000	860.901	2.000	0.836	-7.578
41.000	872.980	2.000	0.853	-7.405
42.000	885.228	2.000	0.870	-7.230
43.000	897.648	2.000	0.888	-7.054
44.000	910.242	2.000	0.906	-6.877
45.000	923.013	2.000	0.925	-6.696
46.000	935.962	2.000	0.945	-6.514
47.000	949.094	2.000	0.965	-6.329
48.000	962.410	2.000	0.986	-6.142
49.000	975.913	2.000	1.008	-5.953
50.000	989.605	2.000	1.030	-5.762
51.000	1003.489	2.000	1.053	-5.568
52.000	1017.568	2.000	1.078	-5.372
53.000	1031.845	2.000	1.103	-5.172
54.000	1046.322	2.000	1.129	-4.969
55.000	1061.002	2.000	1.156	-4.765
56.000	1075.888	2.000	1.184	-4.557
57.000	1090.983	2.000	1.213	-4.345
58.000	1106.289	2.000	1.243	-4.129
59.000	1121.811	2.000	1.275	-3.911
60.000	1137.550	2.000	1.308	-3.689
61.000	1153.510	2.000	1.342	-3.463
62.000	1169.694	2.000	1.379	-3.232
63.000	1186.105	2.000	1.416	-2.998
64.000	1202.746	2.000	1.456	-2.760
65.000	1219.620	2.000	1.497	-2.517
66.000	1236.732	2.000	1.540	-2.269
67.000	1254.083	2.000	1.586	-2.015
68.000	1271.678	2.000	1.634	-1.756
69.000	1289.520	2.000	1.684	-1.491
70.000	1307.612	2.000	1.738	-1.219
71.000	1325.958	2.000	1.795	-0.941
72.000	1344.561	2.000	1.854	-0.656
73.000	1363.426	2.000	1.918	-0.365
74.000	1382.555	2.000	1.985	-0.065
75.000	1401.952	2.000	2.056	0.240
76.000	1421.622	2.000	2.132	0.554
77.000	1441.567	2.000	2.212	0.877
78.000	1461.793	2.000	2.298	1.208
79.000	1482.302	2.000	2.390	1.548
80.000	1503.099	2.000	2.488	1.898
81.000	1524.187	2.000	2.594	2.258
82.000	1545.572	2.000	2.707	2.629
83.000	1567.256	2.000	2.829	3.011
84.000	1589.245	2.000	2.960	3.405
85.000	1611.542	2.000	3.102	3.811
86.000	1634.153	2.000	3.255	4.229
87.000	1657.080	2.000	3.419	4.657
88.000	1680.329	2.000	3.595	5.094
89.000	1703.904	2.000	3.785	5.540
90.000	1727.810	2.000	3.987	5.993
91.000	1752.052	2.000	4.204	6.452
92.000	1776.633	2.000	4.433	6.912
93.000	1801.559	2.000	4.672	7.369
94.000	1826.836	2.000	4.916	7.812
95.000	1852.466	2.000	5.161	8.234
96.000	1878.457	2.000	5.398	8.624
97.000	1904.812	2.000	5.617	8.970
98.000	1931.536	2.000	5.807	9.258
99.000	1958.636	2.000	5.951	9.472
100.000	1986.116	2.000	6.040	9.600
101.000	2013.981	2.000	6.064	9.635
102.000	2042.238	2.000	6.023	9.575
103.000	2070.890	2.000	5.919	9.424
104.000	2099.945	2.000	5.761	9.190
105.000	2129.408	2.000	5.563	8.885
106.000	2159.284	2.000	5.338	8.527
107.000	2189.579	2.000	5.098	8.127
108.000	2220.299	2.000	4.853	7.699
109.000	2251.450	2.000	4.609	7.252
110.000	2283.038	2.000	4.372	6.794
111.000	2315.069	2.000	4.147	6.333
112.000	2347.550	2.000	3.934	5.876
113.000	2380.486	2.000	3.735	5.425
114.000	2413.885	2.000	3.549	4.982
115.000	2447.752	2.000	3.376	4.548
116.000	2482.094	2.000	3.215	4.123
117.000	2516.918	2.000	3.065	3.708
118.000	2552.231	2.000	2.926	3.305
119.000	2588.039	2.000	2.798	2.915
120.000	2624.349	2.000	2.678	2.536
121.000	2661.169	2.000	2.567	2.168
122.000	2698.506	2.000	2.464	1.811
123.000	2736.366	2.000	2.367	1.464
124.000	2774.758	2.000	2.277	1.127
125.000	2813.688	2.000	2.193	0.799
126.000	2853.164	2.000	2.113	0.479
127.000	2893.195	2.000	2.039	0.168
128.000	2933.786	2.000	1.969	-0.136
129.000	2974.948	2.000	1.903	-0.433
130.000	3016.687	2.000	1.840	-0.723
131.000	3059.011	2.000	1.781	-1.006
132.000	3101.929	2.000	1.726	-1.282
133.000	3145.450	2.000	1.673	-1.552
134.000	3189.581	2.000	1.623	-1.816
135.000	3234.331	2.000	1.575	-2.073
136.000	3279.709	2.000	1.530	-2.325
137.000	3325.724	2.000	1.488	-2.571
138.000	3372.384	2.000	1.447	-2.813
139.000	3419.699	2.000	1.408	-3.049
140.000	3467.678	2.000	1.371	-3.282
141.000	3516.330	2.000	1.335	-3.512
142.000	3565.664	2.000	1.301	-3.737
143.000	3615.691	2.000	1.268	-3.957
144.000	3666.419	2.000	1.237	-4.175
145.000	3717.860	2.000	1.207	-4.390
146.000	3770.022	2.000	1.178	-4.600
147.000	3822.916	2.000	1.150	-4.807
148.000	3876.552	2.000	1.123	-5.011
149.000	3930.940	2.000	1.098	-5.212
150.000	3986.092	2.000	1.073	-5.411
151.000	4042.017	2.000	1.049	-5.607
152.000	4098.727	2.000	1.026	-5.800
153.000	4156.233	2.000	1.004	-5.990
154.000	4214.545	2.000	0.982	-6.178
155.000	4273.676	2.000	0.961	-6.365
156.000	4333.636	2.000	0.941	-6.549
157.000	4394.437	2.000	0.921	-6.731
158.000	4456.092	2.000	0.903	-6.910
159.000	4518.611	2.000	0.884	-7.088
160.000	4582.008	2.000	0.867	-7.263
161.000	4646.294	2.000	0.850	-7.437
162.000	4711.482	2.000	0.833	-7.610
163.000	4777.585	2.000	0.816	-7.782
164.000	4844.615	2.000	0.801	-7.951
165.000	4912.585	2.000	0.785	-8.118
166.000	4981.509	2.000	0.771	-8.284
167.000	5051.400	2.000	0.756	-8.448
168.000	5122.272	2.000	0.742	-8.611
169.000	5194.138	2.000	0.728	-8.772
170.000	5267.013	2.000	0.715	-8.933
171.000	5340.909	2.000	0.702	-9.093
172.000	5415.843	2.000	0.689	-9.251
173.000	5491.828	2.000	0.677	-9.408
174.000	5568.879	2.000	0.665	-9.564
175.000	5647.011	2.000	0.653	-9.719
176.000	5726.239	2.000	0.642	-9.872
177.000	5806.579	2.000	0.631	-10.024
178.000	5888.046	2.000	0.620	-10.175
179.000	5970.656	2.000	0.609	-10.326
180.000	6054.425	2.000	0.599	-10.476
181.000	6139.369	2.000	0.589	-10.625
182.000	6225.505	2.000	0.579	-10.773
183.000	6312.850	2.000	0.569	-10.921
184.000	6401.420	2.000	0.559	-11.068
185.000	6491.233	2.000	0.550	-11.214
186.000	6582.305	2.000	0.541	-11.359
187.000	6674.656	2.000	0.532	-11.503
188.000	6768.302	2.000	0.523	-11.646
189.000	6863.262	2.000	0.515	-11.788
190.000	6959.555	2.000	0.506	-11.930
191.000	7057.198	2.000	0.498	-12.071
192.000	7156.211	2.000	0.490	-12.211
193.000	7256.614	2.000	0.482	-12.352
194.000	7358.425	2.000	0.475	-12.491
195.000	7461.664	2.000	0.467	-12.630
196.000	7566.352	2.000	0.460	-12.769
197.000	7672.509	2.000	0.453	-12.907
198.000	7780.156	2.000	0.445	-13.045
199.000	7889.312	2.000	0.438	-13.182
200.000	8000.000	2.000	0.432	-13.320
