1.000	10.000	0.800	7.870	19.858
2.000	10.975	0.800	7.877	19.866
3.000	12.045	0.800	7.882	19.871
4.000	13.219	0.800	7.886	19.875
5.000	14.508	0.800	7.889	19.878
6.000	15.923	0.800	7.891	19.881
7.000	17.475	0.800	7.892	19.882
8.000	19.179	0.800	7.892	19.882
9.000	21.049	0.800	7.892	19.882
10.000	23.101	0.800	7.891	19.881
11.000	25.354	0.800	7.889	19.879
12.000	27.826	0.800	7.887	19.876
13.000	30.539	0.800	7.883	19.872
14.000	33.516	0.800	7.879	19.867
15.000	36.784	0.800	7.873	19.861
16.000	40.370	0.800	7.865	19.853
17.000	44.306	0.800	7.856	19.842
18.000	48.626	0.800	7.845	19.830
19.000	53.367	0.800	7.832	19.816
20.000	58.570	0.800	7.816	19.798
21.000	64.281	0.800	7.796	19.776
22.000	70.548	0.800	7.773	19.750
23.000	77.426	0.800	7.744	19.718
24.000	84.975	0.800	7.710	19.679
25.000	93.260	0.800	7.668	19.632
26.000	102.353	0.800	7.618	19.575
27.000	112.332	0.800	7.558	19.506
28.000	123.285	0.800	7.485	19.422
29.000	135.305	0.800	7.397	19.319
30.000	148.497	0.800	7.291	19.194
31.000	162.975	0.800	7.164	19.041
32.000	178.865	0.800	7.011	18.854
33.000	196.304	0.800	6.831	18.627
34.000	215.443	0.800	6.618	18.353
35.000	236.449	0.800	6.370	18.021
36.000	259.502	0.800	6.085	17.623
37.000	284.804	0.800	5.760	17.147
38.000	312.572	0.800	5.399	16.585
39.000	343.047	0.800	5.008	15.932
40.000	376.494	0.800	4.593	15.181
41.000	413.201	0.800	4.163	14.326
42.000	453.488	0.800	3.732	13.378
43.000	497.702	0.800	3.310	12.336
44.000	546.228	0.800	2.905	11.202
45.000	599.484	0.800	2.529	9.997
46.000	657.933	0.800	2.184	8.725
47.000	722.081	0.800	1.873	7.390
48.000	792.483	0.800	1.597	6.005
49.000	869.749	0.800	1.356	4.587
50.000	954.548	0.800	1.147	3.130
51.000	1047.616	0.800	0.967	1.645
52.000	1149.757	0.800	0.813	0.137
53.000	1261.857	0.800	0.682	-1.389
54.000	1384.886	0.800	0.571	-2.929
55.000	1519.911	0.800	0.478	-4.481
56.000	1668.101	0.800	0.399	-6.047
57.000	1830.738	0.800	0.333	-7.615
58.000	2009.233	0.800	0.278	-9.196
59.000	2205.131	0.800	0.231	-10.776
60.000	2420.128	0.800	0.193	-12.363
61.000	2656.088	0.800	0.160	-13.959
62.000	2915.053	0.800	0.134	-15.552
63.000	3199.267	0.800	0.111	-17.148
64.000	3511.192	0.800	0.092	-18.747
65.000	3853.529	0.800	0.077	-20.347
66.000	4229.243	0.800	0.064	-21.948
67.000	4641.589	0.800	0.053	-23.551
68.000	5094.138	0.800	0.044	-25.152
69.000	5590.810	0.800	0.037	-26.754
70.000	6135.907	0.800	0.031	-28.357
71.000	6734.151	0.800	0.025	-29.958
72.000	7390.722	0.800	0.021	-31.555
73.000	8111.308	0.800	0.018	-33.158
74.000	8902.151	0.800	0.015	-34.756
75.000	9770.100	0.800	0.012	-36.342
76.000	10722.672	0.800	0.010	-37.933
77.000	11768.120	0.800	0.008	-39.519
78.000	12915.497	0.800	0.007	-41.101
79.000	14174.742	0.800	0.006	-42.691
80.000	15556.761	0.800	0.005	-44.239
81.000	17073.526	0.800	0.004	-45.748
82.000	18738.174	0.800	0.003	-47.235
83.000	20565.123	0.800	0.003	-48.703
84.000	22570.197	0.800	0.002	-50.142
85.000	24770.764	0.800	0.002	-51.548
86.000	27185.882	0.800	0.002	-52.937
87.000	29836.472	0.800	0.002	-54.262
88.000	32745.492	0.800	0.001	-55.573
89.000	35938.137	0.800	0.001	-56.827
90.000	39442.061	0.800	0.001	-57.856
91.000	43287.613	0.800	0.001	-58.741
92.000	47508.102	0.800	0.001	-59.556
93.000	52140.083	0.800	0.001	-60.154
94.000	57223.677	0.800	0.001	-60.690
95.000	62802.914	0.800	0.001	-61.074
96.000	68926.121	0.800	0.001	-61.425
97.000	75646.333	0.800	0.001	-61.632
98.000	83021.757	0.800	0.001	-61.791
99.000	91116.276	0.800	0.001	-61.946
100.000	100000.000	0.800	0.001	-61.996
