1.000	40.000	5.000	4.788	-0.376
2.000	43.942	5.000	4.784	-0.384
3.000	48.272	5.000	4.779	-0.392
4.000	53.028	5.000	4.773	-0.403
5.000	58.254	5.000	4.766	-0.416
6.000	63.994	5.000	4.758	-0.431
7.000	70.300	5.000	4.748	-0.450
8.000	77.228	5.000	4.735	-0.472
9.000	84.838	5.000	4.721	-0.499
10.000	93.198	5.000	4.703	-0.532
11.000	102.382	5.000	4.682	-0.570
12.000	112.471	5.000	4.657	-0.617
13.000	123.554	5.000	4.628	-0.672
14.000	135.729	5.000	4.593	-0.738
15.000	149.104	5.000	4.552	-0.816
16.000	163.797	5.000	4.504	-0.908
17.000	179.937	5.000	4.448	-1.016
18.000	197.669	5.000	4.383	-1.144
19.000	217.147	5.000	4.309	-1.293
20.000	238.545	5.000	4.224	-1.466
21.000	262.051	5.000	4.127	-1.666
22.000	287.874	5.000	4.020	-1.895
23.000	316.242	5.000	3.901	-2.157
24.000	347.405	5.000	3.770	-2.452
25.000	381.638	5.000	3.629	-2.784
26.000	419.245	5.000	3.478	-3.154
27.000	460.558	5.000	3.318	-3.561
28.000	505.942	5.000	3.153	-4.006
29.000	555.798	5.000	2.982	-4.488
30.000	610.567	5.000	2.810	-5.006
31.000	670.733	5.000	2.636	-5.559
32.000	736.828	5.000	2.465	-6.143
33.000	809.436	5.000	2.297	-6.757
34.000	889.199	5.000	2.133	-7.398
35.000	976.821	5.000	1.976	-8.062
36.000	1073.078	5.000	1.826	-8.748
37.000	1178.821	5.000	1.684	-9.452
38.000	1294.983	5.000	1.550	-10.173
39.000	1422.592	5.000	1.424	-10.908
40.000	1562.776	5.000	1.307	-11.652
41.000	1716.774	5.000	1.198	-12.410
42.000	1885.947	5.000	1.097	-13.176
43.000	2071.790	5.000	1.003	-13.949
44.000	2275.946	5.000	0.917	-14.729
45.000	2500.221	5.000	0.838	-15.514
46.000	2746.595	5.000	0.765	-16.304
47.000	3017.248	5.000	0.698	-17.099
48.000	3314.571	5.000	0.637	-17.896
49.000	3641.193	5.000	0.581	-18.696
50.000	4000.000	5.000	0.530	-19.499
