1.000	650.000	5.000	0.494	-20.100
2.000	714.380	5.000	0.542	-19.292
3.000	785.136	5.000	0.595	-18.485
4.000	862.901	5.000	0.653	-17.681
5.000	948.368	5.000	0.716	-16.880
6.000	1042.300	5.000	0.785	-16.082
7.000	1145.536	5.000	0.860	-15.288
8.000	1258.996	5.000	0.942	-14.499
9.000	1383.695	5.000	1.031	-13.717
10.000	1520.744	5.000	1.127	-12.941
11.000	1671.368	5.000	1.231	-12.173
12.000	1836.910	5.000	1.343	-11.416
13.000	2018.849	5.000	1.464	-10.671
14.000	2218.808	5.000	1.592	-9.939
15.000	2438.572	5.000	1.729	-9.222
16.000	2680.103	5.000	1.874	-8.523
17.000	2945.556	5.000	2.027	-7.844
18.000	3237.302	5.000	2.185	-7.189
19.000	3557.943	5.000	2.350	-6.559
20.000	3910.343	5.000	2.518	-5.959
21.000	4297.647	5.000	2.688	-5.390
22.000	4723.312	5.000	2.860	-4.853
23.000	5191.137	5.000	3.029	-4.353
24.000	5705.299	5.000	3.195	-3.890
25.000	6270.386	5.000	3.356	-3.464
26.000	6891.442	5.000	3.509	-3.076
27.000	7574.012	5.000	3.654	-2.725
28.000	8324.188	5.000	3.788	-2.411
29.000	9148.665	5.000	3.912	-2.131
30.000	10054.804	5.000	4.025	-1.885
31.000	11050.692	5.000	4.126	-1.668
32.000	12145.219	5.000	4.217	-1.480
33.000	13348.154	5.000	4.297	-1.317
34.000	14670.235	5.000	4.367	-1.176
35.000	16123.264	5.000	4.428	-1.056
36.000	17720.208	5.000	4.480	-0.954
37.000	19475.324	5.000	4.525	-0.866
38.000	21404.277	5.000	4.564	-0.793
39.000	23524.285	5.000	4.597	-0.730
40.000	25854.272	5.000	4.625	-0.677
41.000	28415.034	5.000	4.649	-0.632
42.000	31229.429	5.000	4.669	-0.595
43.000	34322.579	5.000	4.687	-0.562
44.000	37722.094	5.000	4.701	-0.536
45.000	41458.316	5.000	4.713	-0.513
46.000	45564.597	5.000	4.724	-0.493
47.000	50077.588	5.000	4.733	-0.477
48.000	55037.572	5.000	4.740	-0.463
49.000	60488.824	5.000	4.747	-0.452
50.000	66480.000	5.000	4.752	-0.441
