1.000	90.000	0.500	0.983	5.871
2.000	96.760	0.500	0.982	5.864
3.000	104.028	0.500	0.981	5.856
4.000	111.842	0.500	0.980	5.846
5.000	120.243	0.500	0.979	5.835
6.000	129.274	0.500	0.977	5.823
7.000	138.984	0.500	0.976	5.808
8.000	149.424	0.500	0.974	5.792
9.000	160.648	0.500	0.972	5.773
10.000	172.714	0.500	0.969	5.751
11.000	185.687	0.500	0.967	5.725
12.000	199.635	0.500	0.963	5.696
13.000	214.630	0.500	0.960	5.663
14.000	230.751	0.500	0.955	5.625
15.000	248.084	0.500	0.951	5.581
16.000	266.718	0.500	0.945	5.531
17.000	286.752	0.500	0.939	5.474
18.000	308.290	0.500	0.932	5.409
19.000	331.447	0.500	0.924	5.335
20.000	356.343	0.500	0.915	5.252
21.000	383.109	0.500	0.905	5.157
22.000	411.885	0.500	0.894	5.050
23.000	442.823	0.500	0.882	4.930
24.000	476.084	0.500	0.868	4.795
25.000	511.844	0.500	0.853	4.645
26.000	550.290	0.500	0.837	4.477
27.000	591.624	0.500	0.819	4.291
28.000	636.062	0.500	0.800	4.086
29.000	683.839	0.500	0.780	3.861
30.000	735.204	0.500	0.758	3.616
31.000	790.427	0.500	0.735	3.348
32.000	849.798	0.500	0.711	3.059
33.000	913.629	0.500	0.686	2.747
34.000	982.254	0.500	0.660	2.414
35.000	1056.033	0.500	0.634	2.060
36.000	1135.355	0.500	0.607	1.684
37.000	1220.634	0.500	0.580	1.288
38.000	1312.319	0.500	0.553	0.873
39.000	1410.891	0.500	0.526	0.440
40.000	1516.867	0.500	0.499	-0.009
41.000	1630.803	0.500	0.473	-0.474
42.000	1753.297	0.500	0.448	-0.953
43.000	1884.991	0.500	0.423	-1.444
44.000	2026.578	0.500	0.400	-1.947
45.000	2178.800	0.500	0.377	-2.458
46.000	2342.455	0.500	0.355	-2.977
47.000	2518.403	0.500	0.334	-3.502
48.000	2707.567	0.500	0.314	-4.032
49.000	2910.940	0.500	0.296	-4.566
50.000	3129.588	0.500	0.278	-5.102
51.000	3364.660	0.500	0.261	-5.637
52.000	3617.388	0.500	0.246	-6.172
53.000	3889.100	0.500	0.231	-6.704
54.000	4181.221	0.500	0.217	-7.232
55.000	4495.283	0.500	0.205	-7.755
56.000	4832.936	0.500	0.193	-8.271
57.000	5195.951	0.500	0.182	-8.779
58.000	5586.232	0.500	0.172	-9.275
59.000	6005.829	0.500	0.163	-9.760
60.000	6456.943	0.500	0.154	-10.232
61.000	6941.941	0.500	0.146	-10.689
62.000	7463.368	0.500	0.139	-11.127
63.000	8023.962	0.500	0.132	-11.551
64.000	8626.663	0.500	0.126	-11.955
65.000	9274.634	0.500	0.121	-12.340
66.000	9971.277	0.500	0.116	-12.704
67.000	10720.246	0.500	0.111	-13.047
68.000	11525.472	0.500	0.107	-13.367
69.000	12391.181	0.500	0.104	-13.666
70.000	13321.915	0.500	0.100	-13.943
71.000	14322.560	0.500	0.098	-14.198
72.000	15398.365	0.500	0.095	-14.432
73.000	16554.977	0.500	0.093	-14.647
74.000	17798.465	0.500	0.091	-14.842
75.000	19135.355	0.500	0.089	-15.019
76.000	20572.663	0.500	0.087	-15.178
77.000	22117.930	0.500	0.086	-15.321
78.000	23779.266	0.500	0.084	-15.449
79.000	25565.390	0.500	0.083	-15.563
80.000	27485.674	0.500	0.082	-15.665
81.000	29550.196	0.500	0.082	-15.754
82.000	31769.790	0.500	0.081	-15.834
83.000	34156.103	0.500	0.080	-15.904
84.000	36721.659	0.500	0.080	-15.966
85.000	39479.920	0.500	0.079	-16.021
86.000	42445.361	0.500	0.079	-16.068
87.000	45633.545	0.500	0.078	-16.111
88.000	49061.202	0.500	0.078	-16.147
89.000	52746.319	0.500	0.078	-16.179
90.000	56708.235	0.500	0.077	-16.207
91.000	60967.741	0.500	0.077	-16.232
92.000	65547.190	0.500	0.077	-16.254
93.000	70470.613	0.500	0.077	-16.272
94.000	75763.848	0.500	0.077	-16.289
95.000	81454.671	0.500	0.077	-16.303
96.000	87572.948	0.500	0.076	-16.316
97.000	94150.784	0.500	0.076	-16.327
98.000	101222.699	0.500	0.076	-16.337
99.000	108825.805	0.500	0.076	-16.347
100.000	117000.000	0.500	0.076	-16.357
